5972
9017
3415
1541
281
7504
5324
3317
2494
4804
5260
9046
8294
4320
7397
2691
2405
4965
6483
347
1094
2584
4253
1612
7717
7529
8195
314
5898
5564
6172
358
6539
7762
6625
7428
7436
521
3205
8633
4335
5714
8799
7376
7570
7492
8727
6390
3910
7146
7018
2874
7001
2967
3943
1735
3527
5760
6472
9380
8866
9541
5648
8809
6572
9235
868
203
4697
4072
6377
4170
801
6260
5948
2726
5285
4388
4419
3012
1494
1159
3077
5739
3173
1936
106
3169
7249
2487
5749
9482
6592
6664
6141
3682
8487
1993
7695
9500
8595
5431
1064
2060
8093
5226
6759
5957
534
836
3501
3298
2467
7090
7795
8593
5215
8278
4815
2868
9215
9299
4982
1976
1777
5456
7979
6626
1076
8463
3276
6997
2988
3214
1286
7388
1508
7384
890
3742
1383
8449
9507
7792
9128
3293
8179
1746
8781
4263
7033
4447
9616
784
5103
4597
1938
5082
4359
5567
2094
8215
8077
7025
7438
9399
7701
4185
5469
3439
5021
9988
1352
3800
8036
8706
4407
9409
5408
5559
4301
3961
4887
9548
1476
3250
4113
7271
5246
129
2088
1251
2995
2660
3229
6900
5005
5870
2672
713
10000
8283
4036
8219
9643
6879
5565
6048
3546
2444
5159
32
7883
4453
2142
3080
9662
124
9668
2168
4058
5922
5953
142
6110
4561
5978
9438
4859
436
950
5995
7832
2064
3926
9989
44
3181
2698
218
1024
5450
4424
4289
3481
7690
3825
5528
7127
8795
7363
3206
4307
2714
110
3232
4696
1947
8953
7960
8997
2
3326
7678
3611
2920
5386
1852
6555
5435
2970
8194
8403
4457
3021
6860
9576
3223
992
4300
7644
4151
452
6711
4083
6135
5154
4437
7725
7597
9536
2953
5516
7508
542
4798
4951
2232
3121
2936
6981
9578
3466
7239
1703
759
2776
411
6264
7275
641
3529
5835
7827
8710
1577
8936
4649
4191
8145
4111
564
8133
1357
253
7147
9097
4416
1419
7875
9991
3893
1982
3826
8302
70
9697
8189
3725
1149
77
7849
5265
245
8016
2319
6767
9047
5917
1242
3391
6656
3468
7277
7176
7187
6247
3874
3011
35
4147
9253
9087
8214
1504
3064
4056
5570
7803
8643
8467
5860
6401
848
1740
7431
5293
4861
3188
3389
5264
8574
338
5690
5339
9584
5701
9935
2141
1964
7625
9686
4249
2499
2269
5133
9790
920
5075
6182
9395
4221
9832
2533
5938
5247
6975
3897
9972
9941
3056
3070
6619
1728
1865
4392
8260
1622
5042
1326
4173
8608
5613
1860
478
2978
16
9022
8200
34
9795
3734
2361
2757
320
757
7068
470
4928
8234
1567
4376
9677
7733
6880
1526
596
685
8648
610
7337
9218
6763
3338
2169
3264
5240
3154
6701
8336
304
8130
6089
9111
3700
7017
6443
8107
8624
8771
921
8923
3015
7948
1942
9084
396
2811
7154
977
2814
8519
1658
4680
7393
3569
9392
4238
9956
9879
3316
1372
4816
5361
1006
2005
3677
8723
537
517
2593
785
1309
5253
8703
2410
720
1538
2546
312
6138
3715
9255
4566
1313
965
1956
2723
4819
1248
7219
2736
9526
1298
6544
8492
2650
624
2370
6848
7198
6280
3092
6482
7778
3764
9810
599
2941
9486
2314
2711
871
2315
6728
7938
5992
7206
2847
2942
1673
1663
5291
9027
2438
5897
2724
8346
7466
4668
5400
2581
5698
4749
2003
8885
306
8556
5555
4652
6224
7975
8239
8156
165
2291
4673
4398
6414
6543
4758
540
4620
364
6102
4978
4715
5332
5185
883
6469
2180
7423
425
2120
6798
1537
3203
7041
1953
6749
9664
6617
8839
9440
6128
1146
244
2654
9355
9759
8791
837
8749
1661
4290
8241
4125
5486
3489
419
7339
1659
7977
8281
8687
7666
4538
4477
9327
5167
3117
8672
1151
5466
4152
2066
4592
5459
5465
9997
6671
5840
3307
1110
7395
4725
5519
4117
2712
859
939
1902
1221
5768
9876
5798
9708
5651
3165
4412
7949
3578
725
2793
265
94
4678
446
9766
3930
914
7978
7720
501
1969
5329
4302
1544
1049
643
7373
410
5913
3918
9145
8494
1811
1768
9266
694
4209
5219
733
4971
6513
3403
321
2740
6511
709
1424
5458
4546
79
3690
5417
844
2881
2695
6925
1338
9690
9010
6351
2611
1200
8061
9372
4080
1797
3013
1102
4459
2212
5828
1642
87
8616
8828
5502
3038
2031
2542
2385
9772
8979
5732
3985
7520
4855
4986
1022
9447
761
4905
4350
1552
8359
2391
7759
5774
2206
1784
5620
1545
4666
5498
9657
4964
4919
7474
8135
6784
1792
974
2636
273
2789
3008
795
615
6416
4347
6973
4871
7254
5990
2024
8510
907
8754
6518
5402
9791
2532
7151
4203
2011
4800
1197
1360
2763
4736
4734
6889
6345
6627
4904
269
5999
7781
1692
7614
8901
2242
7567
7642
4049
379
6244
639
9448
4434
7847
776
2335
9053
535
3075
2948
8517
5037
7091
2588
7918
369
553
9490
5381
2626
9454
9424
6267
1080
555
7749
7303
2480
5776
2886
2058
5962
866
1914
7974
5288
1467
8199
3463
2240
2006
1317
7427
1469
1897
7163
3376
1014
1758
4532
3651
7141
5697
1443
6781
4796
7368
7578
6159
9343
4872
9679
9617
4128
5979
9023
487
7846
9847
4674
9431
6789
1300
6139
210
3430
8329
6092
248
3927
4430
7672
5319
199
2351
7994
2614
6989
6812
1492
5933
6950
2045
9459
1892
7117
8374
6836
9351
2237
3883
9707
5536
480
4196
2656
1293
5981
7243
5652
5354
8201
1569
4523
7055
4958
6869
256
880
749
823
5845
9441
2635
6696
5347
1098
2177
123
200
6057
9061
386
8129
8844
515
323
6642
5865
6227
4660
9800
2989
7100
5428
4568
1415
1874
3851
6284
5473
8891
7506
6670
1218
2641
5719
4214
7069
7987
7172
7993
8005
8732
9063
7958
887
1610
4812
2019
7944
4881
6160
7736
9990
1580
7621
1952
1204
8132
2765
7304
629
5866
3879
9223
550
8119
3593
9973
2598
9042
7746
568
4010
185
9336
2020
9102
5595
7893
9305
5134
5735
9774
8673
9450
3736
7371
7868
8484
3955
7540
7968
7558
2647
327
1019
9208
2548
15
2950
5026
7739
8515
4504
6695
7336
7779
7034
5367
7238
14
688
7404
8049
1033
5051
6831
8970
786
7560
9785
7582
9247
8106
5553
3532
9777
6353
9230
8002
3423
404
1652
6894
3794
6041
6453
4603
4482
4856
5932
5126
956
9864
807
5316
2790
6027
7714
6082
3320
660
6477
5679
2196
2220
8452
6516
4614
5782
4579
4883
988
4404
5177
8381
5970
2976
8438
1174
8872
7940
2543
6243
5124
397
8503
1691
7878
1498
1387
9816
6455
3797
2561
1859
6716
2465
8157
6532
586
6471
1510
318
7861
3392
9569
1137
1926
7045
1583
6226
4204
4400
2982
5100
2516
9286
1649
5463
3262
6361
1403
2404
6154
2369
7546
3369
6665
2733
7591
2424
1077
5759
6911
9405
990
8368
7078
5433
7862
1637
5146
2427
3909
4466
1295
5587
258
2838
6106
2592
9624
2018
2507
7037
4556
8080
292
3324
5687
8477
7446
1665
4367
1276
9171
7162
6454
9270
8176
6440
1870
9688
7738
5178
5132
1189
3467
4943
5363
3409
2785
456
7109
5654
4439
9767
6772
5629
3790
1013
6079
2772
3366
1156
6686
1558
8790
7995
3208
7281
6304
222
6517
6394
2979
1459
120
9888
6542
8397
2668
7677
6231
2547
3388
4988
2670
56
8924
4820
6782
923
5786
5825
8288
4495
4972
2215
2036
5789
4293
9451
4341
6933
4782
4860
1747
3330
8454
820
1003
477
508
8308
8350
6095
1666
632
5140
8434
2777
3454
223
6849
4617
3339
1123
9143
6116
3284
5066
8658
6398
2866
4607
1236
4286
5602
1002
6651
1409
7791
9813
7188
3406
8975
1394
1354
1635
6006
7908
2260
8338
3993
2517
6324
8461
2016
3828
770
7699
9279
9861
3573
7496
158
1176
8831
3903
4227
4959
1655
5746
1116
9312
5256
4162
4343
6660
2682
372
7430
5104
8686
5877
4247
3640
6783
5279
1481
4241
8840
7702
4029
729
4954
9292
1535
2348
9822
4134
5608
113
8895
2249
3784
8126
8165
9252
3150
949
3007
8144
3228
6423
6158
7907
7341
7417
3654
2955
9655
4260
8755
332
3125
4611
6773
1052
6321
1362
1951
5672
7550
2991
6250
611
1402
4269
278
8582
7280
1007
3001
1518
212
7004
8018
6679
6804
8911
4752
5047
9434
5625
1447
9693
7745
3166
4844
6822
9504
4663
4745
2949
9943
9597
9432
9599
5556
5273
4386
6494
4382
1390
6514
1111
698
8688
6952
3921
4764
5131
1448
4138
8793
6535
3363
2397
9725
6411
3426
5756
428
2458
7497
9529
5646
5971
9749
5924
7452
393
4601
3452
9310
3804
6383
3093
8446
5128
9579
5812
1656
5876
6436
2496
9114
1930
4693
7305
3721
3865
7447
3100
7276
9748
8015
3407
1702
5751
1534
4940
8207
3266
4420
2602
8349
5722
6306
839
2821
54
2502
6104
5313
8929
9986
789
1474
1516
4014
2027
7555
9737
4279
2878
3029
6263
1539
1261
1391
6581
6802
7495
6408
1117
8178
138
9567
8639
5539
6837
1789
5053
4640
899
1422
5412
6499
3738
1805
3929
9933
4591
6806
2209
873
7594
3337
4169
1816
3658
9014
8758
6022
4067
1017
7325
7272
2658
354
9942
4900
2524
2827
5915
6605
299
6156
5771
1334
1432
7561
6726
5765
28
3159
4768
1489
7179
2884
5569
9179
4788
4667
5485
9211
1486
1339
8560
6843
5695
1849
7538
2146
3351
63
1597
9552
6525
5263
9602
6567
2540
8860
4186
878
4476
8149
7929
3914
3193
8708
5201
5731
9317
633
4489
2587
3257
7228
8000
4632
8569
9036
3136
8852
765
9167
3094
5
2686
9627
69
3727
4399
9980
4510
3755
4643
6323
3248
3374
3490
6163
1487
3124
6103
9453
6498
4449
156
5331
9824
7786
2476
1457
6427
2750
8310
3842
3633
4516
6875
8430
2442
2622
3051
4016
1473
7289
5283
3254
9146
4163
3945
5446
4119
1277
8575
3585
7140
543
3441
2642
9863
2594
3421
2449
9753
3253
5724
1623
1674
3219
539
2140
7553
60
1061
8797
8098
5398
9033
651
5063
1697
6698
4026
6350
9308
1133
8267
2639
9823
1186
8804
2993
6045
6805
3327
5342
3674
8660
11
6810
2975
6497
4004
4452
5429
8020
9214
4848
9874
2455
8951
4700
5861
6621
6044
9196
9062
8231
2837
3183
9918
3235
8820
6360
2295
2131
604
2897
9283
2786
2657
716
1761
9427
4220
9147
3160
9930
6909
6407
4841
8075
1441
6180
2277
5753
7294
1617
4990
8309
5259
3245
3919
488
3138
9291
443
3582
4552
1711
4001
8788
4480
6785
7655
6703
2362
1100
5484
5369
4873
1130
441
3846
9970
6857
4686
9413
2509
1683
5734
2875
6053
9115
4159
3378
7129
8692
8039
7773
3447
1086
718
2969
1729
8717
6888
8867
8227
277
9890
1974
2843
2820
7787
1611
2149
3247
970
1754
5105
663
3277
4574
3109
5165
5115
2322
546
4062
6593
3571
7755
7099
1259
603
954
7713
7917
7138
888
3606
8772
2007
5811
7989
8066
1370
6097
7527
1493
6016
8736
8812
469
2229
2114
3506
305
3061
3818
5899
5991
6699
8627
6126
6222
5271
8109
8518
173
1801
4278
9093
3084
9849
2384
9052
9854
7457
3732
6841
2076
7549
6867
5906
6586
2323
2607
9747
5885
7316
2364
9739
2871
8893
9839
5089
5538
6512
3856
7419
9926
8919
4224
7647
3574
7534
2603
668
403
61
4765
5692
931
987
5479
6271
8037
7922
5882
8741
6863
3579
3313
1621
5837
373
4192
4564
4542
2797
9884
4215
8460
1187
6249
5284
2454
8342
3889
391
2380
6847
533
3022
2980
1700
7648
8147
4541
7646
3679
5080
6640
2725
1491
1161
708
4316
8150
882
1106
6961
5748
9176
9437
5712
2631
8934
3917
4675
1748
1911
5012
1763
9134
368
7327
7214
1084
9544
4042
6204
3731
5406
6413
3297
5492
2144
2081
1989
7150
7225
1548
1737
652
3857
7454
4577
2032
3269
4714
8208
3777
9491
3210
5893
5593
8947
1587
1220
1358
7865
8315
7460
7727
1573
2707
1773
1287
5994
6046
8751
841
5266
7834
249
8084
4724
4721
2483
4177
9398
3401
4692
5057
3803
109
5891
7615
7444
8104
6327
637
981
7556
6684
1315
7256
1330
166
4746
7988
5663
7360
865
2510
9743
2669
6292
5853
872
916
1140
4272
9194
7108
6985
7722
6845
182
3587
4639
9910
5784
3163
2264
2236
9681
895
5074
8485
8984
3239
560
1981
910
4953
5859
4369
3451
9960
5738
3424
6613
6898
3706
3958
491
3273
1864
9008
3450
7764
8185
2195
2616
3144
6134
2892
5545
3047
1115
5810
7259
9979
3950
8062
289
3349
1531
3711
8264
6903
7524
2964
3827
6986
3659
6662
6030
3456
4373
8730
1475
3980
6241
3438
9050
2735
1472
5275
2302
33
6366
4948
3218
8279
9177
9525
8343
4118
432
5910
9696
8028
105
3595
1708
6901
4443
4682
7042
8918
3097
6899
7843
8473
4962
1991
8406
9406
5501
1152
1571
646
524
2390
7448
2716
9137
5839
7537
893
9368
8375
9357
7899
4470
8822
3271
9131
2944
1284
8960
6907
3067
8120
7114
5145
4606
7976
1883
8435
5322
8204
6641
2418
2157
2597
9827
2402
6820
9508
5843
6557
6584
3997
5120
9067
5603
2211
2823
1292
7503
881
4506
6840
8237
7255
8728
3768
103
3547
201
6090
2367
3340
8588
3890
5249
7369
3793
9476
7624
8902
6105
1796
4757
5310
2378
7839
2910
9949
5269
6382
1141
5669
5858
7623
6386
657
3249
7012
6948
9638
7668
73
7611
7456
3531
1586
2261
3078
6984
2489
6056
6198
5649
7530
7851
7270
4055
127
1136
619
9788
1089
2986
4769
7811
3476
4494
2376
2915
1411
1417
1316
3036
4123
5650
4084
5517
282
3810
6610
683
638
2977
3660
1604
6697
6461
2523
1836
2426
7766
4228
3632
2381
7311
6121
8173
2252
8846
1919
5206
8125
4514
1466
6914
1408
6115
2853
8079
9957
8606
5395
3976
1980
6096
216
3967
8862
6797
7439
6475
3979
4486
8277
672
4492
1687
6315
1274
2770
8583
2788
462
3737
2320
8819
6943
4762
2456
7784
8613
5886
4571
8594
1829
5341
4967
2399
9923
1414
4704
7015
7223
7433
6040
4000
6736
3484
7133
4703
10
8102
5616
8
7148
2468
5974
4914
2965
4877
3543
7882
2333
2286
9557
7490
5008
9806
3933
4136
9209
3710
2653
3975
4265
1719
4718
1933
5666
9078
3612
2557
1175
2931
3702
2433
978
1807
9313
7512
1240
355
274
7062
4188
9210
3900
3814
6947
8810
9606
1060
9109
4432
6251
7462
1412
3054
8206
3400
7488
869
2386
9920
5634
6026
9326
7514
6451
4344
8211
6819
2056
8547
9153
3649
3836
6420
1783
8853
4787
5943
9381
6100
857
8538
8289
2409
4148
4719
6561
7723
5976
4190
1004
1404
739
8335
763
2852
2368
8311
3998
4490
7583
3676
3597
7664
1363
7491
8773
6644
2809
6622
6963
2154
8827
1710
2946
1005
9207
2694
5411
2004
1453
6603
8228
8347
4106
3638
4608
4567
3698
2176
3079
5470
9059
3656
3621
9619
2379
1630
842
4436
6715
5954
7596
8665
6430
6524
6727
3952
7844
8938
2981
8280
3935
7144
9323
7298
3065
6298
2095
8870
2129
155
2256
1802
5804
196
3788
4455
8787
2339
2227
5636
8562
9992
1452
3858
9363
1643
2451
262
2432
3605
9900
707
5611
7143
4992
3311
5379
3761
3949
4650
6533
7002
3436
38
3886
8246
6895
3863
4323
2747
3192
9701
7470
7184
6808
5655
2164
7694
7121
7415
3629
51
6611
4069
5052
151
6527
5503
5531
6468
7296
7961
4589
4291
235
7942
141
2818
1657
8424
9119
7740
4613
6347
7009
8666
5129
3221
3234
6007
7673
955
6021
6558
7237
1788
4039
3130
6534
9246
233
1706
6856
6713
2290
2987
7915
2960
6570
2159
8230
6972
6254
2327
856
9044
7016
5544
2471
4947
7152
5232
1595
2241
420
4912
6563
6796
5315
9580
5239
7498
7826
3661
1628
4474
5963
7726
4559
2919
9267
4865
5014
9886
630
9944
9936
2028
1698
1454
8551
7903
7070
3783
4333
7142
4563
3058
5930
7998
9512
2929
3514
608
5821
8008
5213
7681
1318
7604
1397
9634
8255
5509
8092
634
7361
2312
3948
4653
5919
6612
6766
429
118
867
3953
9732
4339
1027
8874
9493
5141
1072
3568
9083
8738
7389
1495
8392
6391
7181
3227
4017
9103
3895
2773
3619
2666
4659
9051
3091
8421
6537
4926
3667
5833
6373
9019
8978
2224
7760
5077
2904
1215
5627
4808
5083
6573
2753
792
1917
5245
743
4825
3035
9037
6335
8526
1875
6031
2932
157
6038
3032
2185
6809
9238
3572
5457
3005
4706
3884
5787
7054
1282
2258
7873
536
8746
908
6225
294
2825
5548
9769
3974
3757
9954
1886
805
1820
1918
116
2525
673
2551
5380
9868
574
2040
1653
6283
484
1289
6374
9722
6945
4774
6912
8764
1818
1322
3956
4232
1023
134
1148
858
8748
6075
3278
9077
260
4799
4328
3678
5162
3552
5127
4264
6887
1219
6733
6946
9360
2828
3877
1721
5551
5420
9099
8411
1570
4712
5566
5947
9545
1879
4288
9587
5807
2518
2514
9484
2317
953
5691
1047
7170
8753
6788
7257
8873
8568
2156
1484
7600
4672
3071
5901
5609
5221
3492
7716
7421
8941
4233
8217
9396
9088
4223
2163
7391
3988
3854
851
1196
2803
4539
1574
1241
8044
1890
8300
2684
4870
2721
1676
3046
2183
1701
3486
5421
8823
1145
6488
5640
4053
822
5425
8050
5372
3515
2089
1744
8989
7319
2272
161
705
5337
6839
8345
8031
4814
7274
6256
2829
8293
3962
8192
7502
8546
3831
6402
675
7106
6667
8578
5022
7061
1314
6086
1416
8998
6882
5715
1602
1832
3393
5018
8948
2030
3172
19
2110
3195
5626
2997
3925
4030
2377
6412
4711
3261
4931
117
3576
750
1085
7543
5054
5630
8251
7060
7711
3251
8777
4747
1720
8140
8607
7521
268
1291
3472
7408
2284
947
2316
5039
5061
4296
7189
3213
8316
9591
3984
1367
1442
531
4890
9400
296
8373
4830
8722
1252
3591
2889
1780
1800
4370
5467
7175
8489
9881
3748
9516
8161
2577
6892
1108
4454
2124
5773
7601
412
7370
2891
9731
3458
3433
3405
5506
7774
2612
9652
3042
5218
4750
5848
9028
8469
2826
9347
3841
7067
3470
237
4980
4717
6706
6404
1030
6913
3680
2722
8384
507
9947
1088
9670
3692
177
4701
9229
5542
2346
9733
736
1809
2034
6425
5673
8146
8320
2674
6069
8561
6091
3176
8634
4137
3309
3513
5307
3960
6274
6458
2922
8171
6580
9929
518
8590
6148
7687
8615
9190
4193
135
2983
8082
261
2392
2053
6150
6739
7986
3823
9315
4511
7220
9359
7771
9139
8544
8153
9394
4733
5084
8729
2186
915
9915
4622
162
8499
5173
670
1685
6334
8416
6419
4240
6190
7813
5123
6791
2400
4695
3647
1755
6714
6463
9633
7059
5895
7093
5829
8064
1812
1979
9222
2428
8716
5276
2111
4895
3707
7331
1258
9703
9318
8540
7605
1333
1164
7941
5481
4024
6170
3540
5874
1423
361
5334
4598
6441
7047
3672
5394
1163
2621
6876
4336
4777
4273
6074
4633
3716
8405
9135
6236
3899
9607
1321
9492
5093
7229
6801
4773
6109
4545
5308
1304
7981
9711
745
3696
4070
5887
6587
7719
4312
1264
7301
7936
1026
5617
1524
7164
3636
9157
8401
1798
1044
193
5303
7038
7637
3509
311
2251
7860
3002
9069
9120
2262
3637
4005
7285
6589
1540
3795
8466
9556
8909
4767
8383
758
2247
9543
1283
2069
2296
6818
7382
7854
9706
3524
1068
5529
2303
1171
5670
439
2485
846
7660
2956
3894
8261
9904
1785
9443
6883
9121
6748
7857
7823
4963
912
3343
3978
3907
180
1138
5733
6220
6033
7563
4351
6396
4266
357
7441
7587
2128
5628
6240
5772
5048
7658
7166
67
8019
8055
7268
963
3769
1375
6775
2554
8167
2758
1129
7379
3030
8817
8623
8312
3502
3331
7351
8287
8184
5248
8739
9695
9130
7312
7089
8314
9799
9532
7420
7661
7842
4838
455
9095
5656
8863
5934
5438
2281
6316
2139
9460
5779
1190
4325
1606
875
8427
6994
1208
9841
6309
1499
1553
1082
2250
1347
3663
7656
6978
5678
6966
9721
1596
3946
3296
8992
9016
7098
4903
4469
8657
8925
2815
226
2756
7686
6939
2679
7970
8610
313
9271
8003
8393
2589
9542
2690
7422
5795
4526
8511
4832
6704
3888
4602
1842
532
7251
2122
7802
7609
4588
9136
5723
590
7043
7200
8985
8550
2816
1512
1579
7501
7892
4708
4857
8284
1109
8682
1345
3722
3934
8292
8747
1876
7477
6999
6756
2511
3808
5454
5212
1376
20
8177
310
6406
1972
5495
4630
5585
4842
1966
3816
8076
6816
9789
901
3493
4395
2447
4518
1224
7999
9872
3310
7924
6877
9389
8900
1603
2425
5571
39
5349
7240
7991
4280
1944
4028
4473
909
8437
5716
6786
7000
2086
9967
2795
4665
5183
9425
1564
3023
9075
1342
9278
4507
5813
5817
6745
2748
4390
317
7233
6709
6462
2840
6186
4875
6014
818
7115
1170
9141
8361
7040
4558
1201
9007
8838
3641
3747
4033
654
3855
5955
4694
3052
6144
8330
9369
5220
3845
4357
230
8495
9379
2174
2781
9903
8244
5725
862
5747
7518
5031
9472
1722
2879
8351
3681
1813
2234
72
9485
5016
6633
2681
1041
6764
9818
2784
1847
9771
4379
7202
2103
3420
1515
714
5142
8457
6649
2355
90
1868
5378
5518
6277
8318
9345
6344
8504
4655
562
2389
5096
9853
9341
6215
6771
636
5436
2662
2453
9593
2166
4283
7526
1379
3382
3604
7182
9332
8826
2734
6111
7241
3928
2148
6061
3244
6530
8493
3718
3404
650
5631
7830
7077
6824
8577
1834
5214
2051
1125
6191
83
6793
774
3772
1480
809
620
8731
4174
3869
9922
2187
5904
483
2090
4018
9285
5175
2633
8603
973
8291
2075
4046
6132
4524
814
1331
5095
1079
6342
3282
3118
7177
8851
9086
9917
5599
7676
5720
3198
9803
9653
3437
5081
3904
5554
3356
2189
8117
2052
4513
8137
3778
1329
704
476
8963
1760
7592
2883
8654
7160
7265
13
7297
4095
3364
995
7675
2685
6915
4256
4324
1036
5237
6399
7665
4406
4308
6352
2029
6738
3053
3024
7209
819
8912
9237
5164
78
7824
4098
394
9239
4262
3419
7798
6421
3292
7757
764
71
5794
5777
6708
9274
966
2063
9611
1503
442
4929
3226
7751
4993
9433
2484
9455
3448
5703
238
8968
1848
2365
1245
6393
1909
8262
5002
993
4088
7082
9144
9165
8602
8391
8957
1054
2613
1932
175
6299
2559
1011
1696
9340
8210
8584
5062
4063
6415
2992
2001
486
2271
4285
9964
1840
9193
7525
1908
9387
1779
9700
1477
46
9403
8431
7390
5510
735
1871
699
4756
171
693
7328
7075
3350
9384
7178
9583
4551
6730
1162
9852
2429
7411
8333
7876
1522
3512
9727
4258
2497
2926
6196
4795
8069
1717
4732
254
3236
5680
3843
7022
1631
2414
7019
1029
1949
5496
9256
572
6751
346
1806
4533
4766
413
8378
8514
8765
932
3875
3686
1405
1464
2098
960
8443
9945
5234
362
9773
3553
1684
3759
75
2061
4144
2794
3429
8859
5693
6368
7248
5135
5941
1520
9830
8641
4529
4304
8557
131
8319
5391
1808
440
3323
3411
6229
4599
6117
7400
9710
5911
5462
4284
826
2085
2041
7519
2805
7581
4007
7956
8191
2329
8536
1514
5984
229
8270
7463
8878
691
7130
9905
6065
3655
3475
926
2824
3565
5704
3049
6710
3627
6405
2208
1101
6020
5198
5708
8849
5168
9825
5065
6487
1009
1682
85
4168
4031
5757
2903
5945
1619
1645
925
2170
4468
6577
290
2700
3241
343
3567
8520
6005
1594
9784
9352
1500
6232
7607
2158
1646
6742
4548
7137
1461
8301
1455
7383
6774
5800
3996
9714
8652
1513
58
9744
5153
9058
1830
8702
4791
4681
5346
2167
4176
126
3535
6676
4722
1934
1672
1055
47
451
8021
6023
8248
4525
2244
9724
1626
5338
1833
4839
6663
3724
5091
5070
2578
5998
2627
4206
172
5644
2552
1247
9236
8370
8917
8733
556
3662
4530
5011
9242
5254
3601
4251
6083
3127
86
1732
3881
7983
9113
4108
3333
3295
6291
6682
136
7449
994
2191
3104
5040
6731
220
3135
7836
2513
5038
3931
4586
366
5121
3020
8022
6143
5272
8693
9762
9303
8760
2350
9261
1270
7650
3570
622
6357
2080
9999
1158
4585
8631
8447
1112
5299
3191
3445
905
2804
8821
7816
3840
2610
6238
9098
8937
499
3048
3325
8848
3652
377
8570
1091
9356
183
389
7880
3044
1634
2123
1103
8976
4691
503
3128
1707
7531
5614
5889
9202
2325
9811
3913
2605
576
8761
4628
2358
6228
986
9537
838
9060
3082
548
6608
3664
9856
6410
3477
3798
7402
7731
5006
57
2310
6717
5197
7234
1787
1866
7911
2136
4845
6935
4261
9344
6216
5758
5161
3726
7932
7966
3528
7785
8646
9618
6073
2985
9373
23
1996
3991
8095
4213
22
4199
3204
5985
9123
1519
4909
7387
4099
6017
9883
2067
7171
427
3765
288
4205
7620
7035
4427
1725
4916
7763
9104
530
9763
9439
1901
1967
4578
2640
3148
4868
4874
9160
1795
1177
6859
8614
9370
5327
2505
706
631
1053
742
3665
3833
1418
350
1973
494
2759
7475
6004
2846
2632
2813
3951
9250
5710
3873
2104
2145
2522
8528
8462
1625
2798
8690
4805
5447
4536
3101
5905
4554
7953
4544
475
6434
4208
7273
3355
2341
7547
1810
1028
448
9628
8272
2930
8814
2996
4064
6705
1081
1613
6995
1307
4217
41
8212
8516
8105
2205
902
2213
9783
717
3187
5024
2761
6639
7119
8537
5312
64
9573
9412
8617
111
6200
5950
8701
701
8390
4737
6239
297
9995
9650
2116
8326
9168
6131
5452
6202
4784
6064
8041
6060
6655
3111
209
1714
9776
4797
506
9713
8521
9865
3459
3771
5301
9280
4605
6358
7939
4807
2491
4626
3987
5641
4352
8209
3006
4896
6576
9730
2270
3334
8864
5007
6591
2092
7322
8067
1983
4550
4522
7710
4
6314
5144
8971
8486
9656
7569
8448
2178
4557
9899
4131
1750
1502
1713
148
6744
6189
853
9309
3336
1905
1037
692
7901
8155
9156
7306
1861
4676
5289
5216
2283
5851
2836
4255
3992
4292
9938
7347
3779
958
5182
5385
2984
3782
2935
4827
927
4460
3285
1169
1662
2921
4107
6018
6964
6009
4271
3217
5871
9378
4981
1097
5188
2107
8113
8525
26
6467
9577
8563
3416
6832
1451
6246
3186
5464
1997
7372
8170
6379
2534
889
5878
6886
7627
5364
9116
3041
8352
8685
5916
5393
9836
1356
3631
7935
1827
4869
4562
2766
6878
7542
580
3072
7990
8007
2905
8724
6666
8868
9666
6365
8247
1915
2663
8175
1927
1429
8661
9354
3625
3964
3215
4876
8324
9353
431
6929
4375
3017
2620
8506
589
8414
3425
4012
5090
9965
2460
4142
3381
3837
6953
7965
6331
9470
4781
3348
3995
140
1327
5151
7111
6164
6852
3813
8808
1048
9533
1063
98
9029
170
7458
8861
9560
1193
777
9581
840
5535
194
4741
1275
803
3189
1826
8478
4076
9219
9912
5390
6432
5562
4878
5281
9588
2349
1562
416
4132
7634
9843
4882
8297
4945
9358
2545
8436
4403
7951
7724
9927
6042
4555
7116
5000
7858
772
700
5033
8073
9414
7528
8340
3517
5855
9481
9452
6615
9851
4824
9129
1182
1608
1216
1749
7279
8659
1873
9361
433
5311
1648
5418
3639
5344
3522
7112
4150
512
7510
6363
7131
4462
9410
9603
6013
2331
25
3766
4337
4250
6776
1898
2345
7499
5225
4497
473
5025
9035
8029
3525
293
9644
6364
8713
29
4930
4885
2841
399
6862
7735
3120
2528
2214
3599
5726
4414
8154
1341
649
3460
2493
8087
1336
8299
1114
746
1310
1039
7877
8014
4421
6957
8598
8766
5180
8990
6302
2688
6930
6397
8604
5606
5244
7631
9641
8630
8743
2902
5883
3781
753
5422
8949
378
817
6197
2508
251
7310
4451
2504
9837
9301
980
1312
3505
8408
8030
5416
9442
1150
6858
6504
1223
8609
4891
5921
8833
3087
5460
6330
7662
2354
322
9559
3902
6599
5769
1888
3550
6122
236
7374
3085
2047
1134
8053
8409
8124
2918
4634
6817
5326
3694
941
7997
1435
3202
4154
7299
9680
7971
1858
4604
388
8089
9642
1371
2398
7573
9674
2812
2010
6290
30
5592
417
80
9892
7584
8836
9844
5445
2017
1051
8965
1365
7440
6481
8033
3496
741
3911
1147
2807
7076
6631
9264
3274
8444
4008
8322
5405
2706
1095
2201
996
5783
7741
2023
8035
315
661
3730
1410
3623
2873
585
7866
8298
8663
5827
409
7401
3483
6623
5881
6437
2430
9961
8644
6778
5320
6509
9623
2529
9031
3288
6955
879
7381
2563
7845
7925
4944
3602
2106
5085
8589
7442
8429
1959
922
4623
6874
4187
5241
9034
775
4229
7226
2968
3966
4627
2382
4166
3418
1671
9939
9339
9925
4374
325
3272
6980
2498
7386
4282
7483
6920
334
3347
2446
2267
7807
5653
3754
4408
3098
7036
8313
4792
3321
5352
5125
8964
6199
3598
3520
9609
1819
7898
467
968
8389
7906
2374
349
2461
7455
4657
4961
4481
4823
4744
815
1253
6034
3968
1664
4299
2415
7174
2697
4501
5989
7794
4087
2882
897
1436
554
1184
6495
6161
5058
2055
1878
376
298
4079
6614
1920
9768
4834
9181
1255
5067
703
9978
1359
7450
5785
9169
7909
447
8958
9265
188
940
1589
4933
3824
5780
2885
3033
1803
3268
5754
8621
2042
2835
8920
7375
4342
2071
4636
3129
7149
794
6184
1420
8991
8164
9000
9200
6993
5211
112
3126
353
4315
3932
1857
7835
6729
5682
9212
1349
1344
4006
4847
6970
8545
5814
5980
7783
8779
9314
8983
5797
4475
4664
7399
6012
5935
7683
3028
5204
5596
8380
7709
8629
3499
7231
295
8417
828
5590
1757
3305
2013
2576
4141
3648
1641
5020
5004
2440
5056
710
6983
6680
2462
6637
808
2255
8159
3279
7081
6919
6252
242
9161
6248
1904
3397
747
7808
5965
8696
1213
9330
5796
9422
3867
684
3131
8111
181
2569
5036
326
7481
6055
4828
1885
8425
8250
4068
7780
206
205
8580
3556
6917
8332
9676
7871
8775
2448
3541
5287
587
8398
5030
5605
3414
1396
8619
6547
9895
5764
1965
1113
9337
1601
7145
3303
3635
9054
5928
936
4569
264
7829
7445
8618
8054
509
8896
3839
4923
9867
8871
4349
6936
3385
2521
8711
7074
9647
7887
9268
666
6313
5493
2343
4899
8225
6071
7342
9994
6028
779
1968
3685
6370
7671
3341
557
690
9838
5461
2890
1937
2801
6559
5365
3990
8202
6735
5903
933
5642
567
7215
4902
3575
3132
2337
7522
8571
2923
9056
4442
3973
384
9804
1332
3983
5487
4133
6175
7191
5589
1903
1168
8240
7103
4846
4644
6645
1924
7485
2102
9338
4702
6941
8921
1038
751
2833
176
3963
1837
3066
1434
5801
5854
2870
7692
6282
4237
1335
6851
2305
1654
2118
8081
6582
4331
1756
4840
8955
5931
2844
2372
1509
1118
2082
2352
4742
2239
1428
4595
8625
7476
2966
2537
9350
4837
7790
2634
7636
5190
6578
3518
4720
5737
4110
7900
7123
1704
9870
1180
7853
3703
9335
3714
2388
3834
2671
4216
8677
4172
4906
5156
6029
6273
8794
40
1560
4334
7872
6253
6643
9306
7902
6632
3060
6486
5741
7761
1040
371
1794
9272
1205
492
375
677
8441
3809
8321
6740
1056
6428
6356
8585
4464
951
855
5488
3937
5370
3644
7
1781
9728
3957
1233
4803
5522
4115
6549
8678
8128
7863
9295
9456
9916
5661
3435
9090
6464
4011
2880
231
544
92
1709
8245
7708
7500
5816
163
8973
7120
2450
4363
8439
2754
3372
3335
6242
6967
6541
8010
9449
2586
9812
9513
6387
4991
4973
1950
8396
8123
5176
1995
527
7923
3735
6268
3892
7539
2538
2486
4429
5863
1203
4410
7640
8232
5010
1679
6719
6616
3390
133
3358
8798
7010
4346
6326
4654
1817
9535
8188
4422
4048
2933
9497
6718
3922
2280
5997
4537
3630
7630
1724
5353
2702
5163
7670
8371
9419
2943
1644
6850
1351
8274
4705
3624
3510
9787
9966
8715
1439
2266
924
4218
9596
7333
4738
5102
228
4728
1896
9117
917
6049
5028
4727
6834
8700
1296
8559
8254
6522
3600
1294
3970
8636
4886
1791
5388
2767
9467
4019
2125
597
7044
9026
9717
6375
7102
2628
8372
4924
2583
3443
5884
7050
1021
6389
4854
6520
204
1378
3258
1015
6690
9100
7544
6452
2150
143
8835
1257
5389
7806
215
496
2279
9227
6814
6687
2990
4248
3559
4362
5224
3792
2876
8555
5937
3027
9801
8252
2951
9185
6689
6990
8196
9397
7410
7622
6376
1507
2475
8531
1620
2411
7945
6307
8543
5615
9248
2746
4811
8057
5384
9752
4139
5890
2108
5604
7029
4091
8647
3728
2481
8903
7027
4314
1899
5441
1771
5623
998
5914
3542
3352
6657
8456
4112
9506
5150
791
937
336
9205
2703
3870
3989
6203
7194
5106
9342
4651
1536
8032
2752
5136
9894
2719
1211
2664
6668
9757
6296
4801
5850
1843
2893
7598
4275
9761
8236
1471
2973
4785
3465
1978
3563
2265
5034
275
4531
616
8756
1400
7818
4236
6872
5960
1449
7548
8763
734
7409
2819
8285
900
2039
1121
5788
9444
9505
9610
4829
6118
1482
9914
1869
3004
9012
4066
421
627
3760
6460
9814
6052
345
9549
9263
3184
3286
88
8620
2477
2925
1104
2138
6910
8887
9511
4037
7222
4082
8554
7292
1572
6093
4305
3318
2112
8056
5152
7799
3521
6378
2238
5505
8115
6300
4446
5448
7006
9931
7645
9032
9015
7747
5321
6024
7744
595
6339
5862
5116
5791
6340
7024
5118
6650
7110
3739
9074
5297
4547
1273
9234
4748
2637
7227
3362
160
4753
1647
5727
9521
8459
1907
5472
1157
5755
3308
3583
4921
4994
8534
621
406
6262
8394
9006
9971
1450
898
5939
6409
7931
2994
5844
8552
1766
2078
5584
894
6371
9216
9064
8807
4478
7653
5440
3361
618
9001
6265
930
1238
9475
4077
2344
5805
9780
7013
885
9683
6500
6722
830
1963
7203
2109
3462
9435
6506
1893
9076
3750
7905
418
4440
6523
5189
3705
4295
3740
7626
3370
9072
6916
9174
6125
3497
3491
9262
401
1640
3342
6113
8762
8541
5292
3695
3971
6865
7894
5078
3999
7066
9277
874
6152
8203
1350
457
9148
6195
7356
5374
125
8136
9018
9374
1730
5500
4456
5222
8681
4849
6301
8001
4864
1301
6702
4317
9003
2194
21
7486
2200
8995
1067
3031
4071
8858
2049
2253
1421
7425
5270
2079
5282
490
9048
9565
3905
3449
825
7309
8892
5743
6153
782
424
3693
5318
1600
4487
6208
24
9586
3626
8112
1705
7568
9625
1955
5368
3668
5231
9873
3872
2802
3360
3139
3175
514
5961
1090
6491
8640
7023
552
678
7969
330
7946
6949
9996
1343
9502
6112
1018
178
482
4027
3039
7028
9745
97
3507
1961
4646
9240
2408
4730
6322
7007
3920
1228
6178
1689
635
1695
9324
8068
6269
3417
5097
8709
1506
9848
5803
3596
2659
3701
241
3709
4246
975
7812
5087
6923
3312
8385
6489
9846
6210
2473
9940
4647
257
8399
1943
5298
570
1234
7156
6868
6988
6568
168
7005
6747
153
8400
2219
5499
9887
7429
8926
5029
3291
6976
1793
1867
9720
8172
6187
7324
3164
2567
6969
3386
5143
7136
2135
5926
7638
3179
7246
6873
9402
3190
6885
468
6008
6564
8353
5181
2306
5707
1328
5278
7927
4361
5138
9553
3114
4465
2539
3609
5973
9055
335
3829
4371
9898
9110
152
76
9068
766
2520
6906
7599
5696
7532
1675
6493
8935
8959
5296
7186
8290
1550
2474
2065
7308
7092
2864
7173
731
4731
6870
4925
2760
5250
6426
1010
4358
497
999
1764
6926
68
4101
3089
696
8186
4735
9049
5255
211
9175
9038
1254
5491
1462
7879
307
3586
1575
9919
2959
4050
5647
7937
5594
6861
648
8611
9296
9667
1828
8837
6974
301
626
2945
1670
7435
5110
6977
367
9558
8597
1348
2273
3584
8792
9289
5108
1380
5449
5351
2172
2560
1751
4330
3329
1458
4491
387
2693
6743
3746
2535
9860
9070
9834
4021
8085
267
8904
2861
2692
9173
6492
4200
3811
2536
3207
9802
4157
7416
2054
1762
8635
454
2500
2779
8433
8750
4472
9955
6162
4776
3487
4590
4635
9260
179
5209
9937
1263
5295
7580
9428
9950
1688
7750
2423
8857
3069
8355
2859
9663
7242
8058
1206
9817
2553
588
9857
6635
1547
2175
6348
7020
7800
798
3344
7919
9719
4790
4114
1753
7451
9471
1752
4239
3133
1681
4584
7595
6928
5996
4817
4858
8565
5359
7204
4242
6447
1651
5383
4852
9735
8845
7959
5335
7185
9794
2667
7026
4969
6235
7507
7603
1881
4103
5196
520
6905
728
8805
5638
4254
9928
7758
4488
2916
5521
382
1178
8471
903
217
4593
5045
5356
5781
861
8266
3610
6343
42
4863
5832
8339
2780
8148
7344
561
435
4751
8784
4372
8939
6871
2403
221
6546
4690
6149
3548
719
4051
7920
4955
919
65
7283
1939
4226
3560
9225
8707
3482
9566
4894
2744
2357
8216
3713
3119
3095
3442
7343
3280
9875
6448
8876
291
3252
6002
2858
4641
5166
9645
5328
3628
8047
6607
3939
485
8235
5665
852
984
7349
5413
5761
1485
6297
3786
6937
8745
7964
5079
5055
445
6124
9002
1591
4338
2488
3712
8480
3844
2849
4793
5179
6108
471
5483
2963
8363
8303
6081
1239
1523
4508
6417
1179
913
800
6257
1566
8600
8994
6062
702
6545
4600
2851
6998
6765
4431
3233
2676
1406
5336
7619
7472
4413
122
7819
52
7516
4671
9523
169
4417
2127
4576
5343
4245
6011
3304
8045
7030
8890
18
7934
1413
2216
9754
6505
6658
8413
6694
1280
6922
8158
2038
3751
8782
4194
695
769
144
4093
4348
8993
4171
8074
7850
7559
5286
9249
3923
7748
5377
8816
5257
3719
4121
3880
1846
665
4211
9258
9192
7704
4009
2857
6672
4207
1198
3852
5137
9850
3969
1736
4698
9962
6285
9041
8193
6556
9302
1945
2192
1954
5752
5376
2834
9840
8497
4631
3887
7776
9705
5076
4580
9820
744
7468
1407
5003
5892
7207
2709
7235
2413
4983
9140
7211
1311
3770
3267
2246
9408
463
2940
2947
2999
8712
2855
3283
8163
9319
3699
9180
3238
3137
337
392
3488
8806
9819
4572
344
3503
1990
2939
6438
3498
997
834
6480
7972
2606
1398
3134
8482
4618
6830
2472
7874
6258
6600
8587
187
8464
1384
224
7825
4061
1194
6944
7833
2184
6598
2035
4153
7230
9571
7053
1948
4391
7772
9221
8969
6174
9375
3878
2218
6223
4319
2015
5546
6070
8256
9429
8653
1226
6270
5563
3812
2048
9106
4428
4976
3461
9290
407
3025
519
398
510
1045
4313
7870
6648
5094
5907
4044
9716
3683
1070
1430
6815
1998
4025
4368
2198
4822
2452
3050
7405
7350
2301
9404
5909
5043
2330
8152
2565
9969
6140
4178
2469
2558
5527
767
4587
5208
3557
107
6597
8034
9975
9164
8470
7155
1922
4707
4581
2332
9631
9770
1581
2101
7057
6762
2832
6000
2275
7332
1483
12
208
9554
2629
7459
9948
7394
1160
9985
864
1851
3773
6403
7493
7258
1677
5632
8099
4311
8767
549
1382
5729
4609
9531
4198
2439
3396
6433
802
2644
592
9977
6951
2830
2625
976
5228
1987
1712
8323
8404
2008
6237
9151
6931
9371
8612
5170
2338
7505
8327
7682
9902
9831
4197
6678
2105
9142
4393
9322
2604
7210
5612
5809
762
9188
5806
7307
1872
9518
6019
2971
8078
6503
1759
1723
2324
1393
6485
6755
9024
6636
1173
2689
3752
9592
3156
2705
9182
8142
5430
1745
1999
8879
6107
9132
7884
3345
6087
7318
6908
4461
7822
3237
6799
4405
813
989
2077
8553
4642
6219
7700
7367
1237
3152
9901
8174
9786
2865
4998
6209
3613
4575
5968
8842
6792
9385
5455
722
2894
1854
9907
4496
7703
9649
6207
2328
4086
5019
721
2417
9005
5035
5694
6211
8669
780
1073
5610
7545
4222
6938
9297
3551
6737
2718
5830
3402
5174
4385
9499
3016
7088
1824
6295
3607
5588
2655
2294
2585
3367
5419
2556
6067
1850
8273
3924
7469
7697
1128
6479
7253
6897
9585
341
2549
1900
1074
2482
7443
3847
9201
1853
6734
6036
1844
3260
6385
6032
6761
4267
2582
8576
6066
6181
617
1624
7985
7482
7586
4160
5549
6119
5193
6596
904
9750
4467
6188
7775
4057
6328
9465
8282
7128
8691
7767
255
8789
9815
9547
6217
6531
5274
3645
3820
502
737
1769
4534
4126
202
3566
2570
5044
3775
5023
4047
1105
7051
6101
8869
658
1607
1726
4677
3802
7643
2680
6362
3549
2268
7652
8377
4880
4384
4688
2342
8491
9329
4941
4074
6325
8307
3885
3785
5867
405
82
8091
3246
6842
7564
9715
8830
6521
6927
991
5242
3912
6168
402
812
1135
7359
7957
3174
3200
3319
6003
6372
4612
3938
2383
9281
6369
9859
5476
3018
2022
4052
9423
7742
3634
2568
207
6685
4528
756
6165
8674
8579
7471
9463
108
3733
250
1690
8834
1731
982
132
5426
7689
3096
1355
7895
9377
9228
9420
5987
8428
4444
6940
8334
7855
1882
8725
3107
3859
946
6171
3371
3379
9364
8697
7896
1543
400
8933
9149
4867
3830
8940
4175
7613
1231
6673
942
7084
5314
8591
4661
6835
5624
2091
7126
4483
2937
9561
8198
2729
8567
9316
6723
4015
7197
541
1559
8358
9417
8523
149
9478
1278
606
9383
833
4100
3936
3009
1202
7706
5568
4321
6538
9590
2037
8017
4922
3455
4960
8832
7489
5451
9984
1686
1739
8778
115
7616
9845
1929
1680
8412
3057
4105
3615
450
4888
9483
810
4821
3614
1225
8100
979
9501
7810
5399
8881
5229
1266
884
6084
3799
3116
9462
2371
1444
1668
4570
2617
9562
6821
7377
952
5959
9934
422
1066
9880
7139
9694
5294
9390
8987
1131
8360
7641
1825
9594
9206
4381
2888
5717
2307
6305
8684
333
8180
7659
8445
1479
5659
8042
6
8490
7158
191
8121
9189
1958
8651
1368
4670
3106
9418
7065
4415
4932
102
7323
9976
3434
9125
8907
4521
9276
5392
2775
2822
4656
4755
8488
6193
3306
1921
5900
1209
821
9909
5621
7602
6753
3346
9613
3243
9477
3170
1308
7649
3697
1815
5952
8481
2863
5238
3774
5017
752
656
7487
5001
9446
7159
9288
9524
128
2300
6025
7056
3589
5700
6720
9924
3110
2745
9842
213
3720
7536
7355
3068
5497
9630
4122
3558
1988
4505
9101
5940
2033
6674
547
2287
8596
3167
6201
1303
5583
771
9226
3380
5713
8271
2464
3115
8679
5677
2000
2073
8974
3240
3088
479
500
6123
7517
7967
8670
4935
7380
3590
2395
7768
4775
2012
3538
7340
8296
2387
1782
525
8367
7161
647
3495
2278
9325
9775
7414
4092
8856
2646
7828
6794
7679
2643
9183
3168
4889
374
2817
5657
8566
4813
4806
2856
2318
4043
8328
9981
7338
4843
3059
4135
5507
1887
8505
5676
4059
9877
687
8783
2899
5573
8811
3122
5305
2713
6287
6088
9445
49
9746
6288
8586
6893
3758
8166
7432
234
4519
2070
6230
7426
5586
5059
7864
9897
9094
8221
8331
4380
7321
6037
2407
5667
4306
2074
2665
240
4023
1214
2046
6137
2778
1058
4394
3256
6098
1501
4485
8305
6959
7168
2457
8843
9233
5195
598
6712
5477
7973
4378
2831
5683
9096
465
5744
285
7003
9178
3594
8961
8972
2842
5050
2908
2463
6442
5513
6133
2356
3972
7889
280
1776
9629
7992
5330
4833
4397
1529
8501
6803
7406
7295
6234
6058
7315
5967
8025
2026
5927
7693
4970
4327
8650
8913
4332
3494
2896
9082
461
5489
7262
5453
4658
9760
6654
3197
5280
7079
3294
4210
3464
1496
4818
1975
1470
146
8348
7097
957
4040
2359
6318
1155
8295
6982
2394
877
1046
437
8344
6063
150
3511
3916
824
4729
4565
2562
5439
5581
4189
6176
4911
5251
7574
5541
6551
4094
2792
2202
3368
4435
3776
7031
7680
781
1262
7904
7535
5550
7213
7633
9726
3815
8160
5763
2872
3180
5203
4360
84
460
6629
2608
4230
4786
5268
167
5902
5471
6077
5880
8110
8649
5258
6456
8721
2152
9871
6435
5401
1438
9632
3408
7011
7667
5558
943
2100
7541
4802
7412
2353
5790
8986
8967
5706
6206
2204
6606
5236
715
6429
1984
7769
5983
8475
3860
6721
9158
6571
3762
164
3322
5508
1598
3500
3019
7756
5818
8906
8744
5671
4771
1185
4917
2501
3675
7674
1716
797
2737
3225
5482
1386
2479
4934
6691
3211
6449
9365
6683
6960
5618
6336
2917
9835
9187
5358
9294
8698
458
6043
8628
2299
9203
3199
8734
2422
860
7881
1838
6129
1563
1267
1549
6145
6259
5591
6470
4038
370
793
679
2526
4445
1463
7058
4997
3000
6072
7707
2419
5822
5397
100
4520
8354
1065
3882
1243
609
9108
4956
2347
3749
1389
2162
3673
3149
2161
2808
934
2900
8410
4158
5728
4402
9458
4065
8695
2961
1527
8910
2459
9163
1962
8051
7366
6214
5598
6866
7657
9723
8141
8655
2624
7651
6388
8382
9742
8815
9217
300
3090
1232
8813
2769
324
2121
1167
2519
9401
5147
6575
1446
7730
5685
2231
481
8337
5149
4596
8071
9421
1985
7515
95
5820
4085
3853
8364
6279
4772
5709
9932
5775
6303
1614
5468
7478
5290
1265
778
5262
7196
9987
5092
5423
8522
3010
3076
6068
6010
4560
7484
3666
6954
8824
2728
1741
5304
2115
4097
6400
7743
4879
1971
2599
4995
5230
1946
1912
7629
9755
8946
340
8402
5520
276
8226
5674
7266
6294
9039
9572
7021
593
3045
6459
7063
3986
8882
9079
7654
2601
4326
1288
3941
8275
8440
9564
2181
5778
7913
7571
4836
7165
2117
5064
7480
3140
2958
9479
8450
5574
4624
5252
5530
4716
2221
3373
6142
8306
7252
2938
1615
8549
2573
6395
2527
2009
7269
8476
681
8622
7094
644
1217
7914
2720
1734
1555
3849
243
7247
5607
1880
5046
8070
6827
7014
4060
6750
4244
8572
4441
7669
5158
3508
2113
2193
8897
4648
6465
3222
43
62
2649
9195
3745
2974
5819
4908
9020
5664
8011
7236
2952
1935
6595
9468
1
8786
2810
6752
2727
513
2898
5896
7250
9691
1517
3642
9498
3231
1281
2854
8988
575
8898
6266
3478
6707
5949
3473
4423
5424
9243
1478
7293
6157
1669
8134
6965
4201
89
3580
7113
1320
4268
8498
7928
2119
566
748
7479
4104
2248
4365
3944
7734
5552
9411
1153
854
1324
9021
5792
6565
5155
1427
5148
1008
4915
1388
9407
3394
7105
4479
9550
8131
5689
1142
3003
3862
286
538
9509
4045
3112
2845
263
2541
9232
1877
582
2340
7718
7777
6864
896
5711
9466
2677
4463
1246
6688
3151
583
5561
7334
7841
1667
1165
395
4281
5410
6213
7290
8238
114
9913
7335
1381
5205
2188
1016
8223
6968
3954
1302
1401
3741
5533
2687
1000
8257
8956
3230
5578
3537
5745
2791
1940
8114
6942
1062
9251
2217
5977
8265
9388
8169
1799
4498
9660
7201
7096
4952
6349
7554
9073
2675
8889
4515
4853
4509
2860
5113
5187
9538
5639
4987
6634
9589
8420
5942
4345
5925
8916
1592
591
7267
9527
8162
1456
5414
7437
1087
4942
1775
4754
7801
7930
5099
1639
2771
2437
4389
843
4041
8943
5432
1050
266
6825
7728
7073
4789
7821
5243
9320
1127
4761
1738
9040
342
1425
7101
8304
4610
8151
5227
3157
4946
6194
1399
9675
1235
4035
2787
8944
4726
9159
7891
2068
214
197
7837
8190
2555
6828
847
669
6620
5086
6991
3255
6552
7859
7552
1895
6932
6173
5032
6760
309
4383
5071
5277
9011
3516
2153
4161
8780
607
711
967
3431
381
8899
8714
9473
356
1260
8769
8356
9684
3162
2652
886
9348
1568
9213
6338
9891
1588
594
3063
8922
1433
2762
4966
2233
2957
1994
6245
2906
4770
227
2308
5512
1256
3412
6992
8483
9568
8512
3977
2600
4927
9692
7947
9712
8980
4907
7729
7086
558
8632
726
4500
9474
1856
3480
121
7632
7357
5130
4257
145
1585
8026
569
1629
3533
6987
1035
3807
5415
2648
9637
9328
5199
2503
4549
4322
8024
1032
8205
6601
3062
1107
3562
6473
8888
9391
2901
6553
6921
8379
1633
8341
3908
1043
8040
2651
1244
7300
8770
6768
2288
5730
1960
239
7157
2130
9911
8667
9241
3290
6476
7284
7962
3617
645
8072
9595
7317
4396
6628
3539
7628
363
1126
1364
7218
4089
3643
906
5908
948
9974
9563
8426
6602
3314
2160
5635
6574
7071
5041
1132
8043
4180
1222
359
1505
1374
9198
4155
4499
6855
5742
3819
3281
9386
5443
2782
9496
37
1227
6924
8671
2869
4913
7565
9921
1767
192
870
7886
7820
7494
6677
5951
3592
5101
5969
154
9651
2909
3147
8269
302
4850
9906
2678
1392
4377
918
2741
6811
3289
1804
686
2914
7224
3105
7169
9112
7639
8258
9488
551
9204
7125
8395
9639
104
6896
4484
9300
8122
9043
9091
9030
2927
4318
1790
816
7413
9416
6233
3113
9393
8564
2645
3108
8818
3413
5868
5537
5762
1891
383
4181
3034
9855
4996
8737
7579
4517
9963
3545
3861
9615
438
5088
6001
9671
5068
1582
9487
8101
1862
7984
3353
5302
659
3544
1166
6151
7885
9107
1609
2254
4974
1786
1143
565
7464
6585
8088
4458
8962
5936
7551
6800
6179
4503
4553
9259
3618
2470
5407
59
5808
8243
6490
7418
8004
8063
6080
6478
2683
4989
3982
53
9366
2731
423
5373
8059
5112
1532
4709
4202
2638
4183
1183
7557
3534
5864
2298
474
6630
9685
6515
6528
2225
4448
1957
5597
4957
2182
6902
3554
93
6039
1119
3474
2263
1490
6770
1369
6446
7212
2478
5371
493
1894
3299
5191
3891
1212
730
5793
7890
7364
331
1268
9968
4450
8138
8108
5856
99
8048
4910
7509
4810
3453
7852
2226
2708
9530
3395
2326
2044
4949
5114
6392
2839
7278
9122
3906
9298
9013
4149
8996
2230
7245
8689
2002
8532
1605
5872
6418
9614
6675
7314
835
6700
1839
9349
2126
6934
6724
9636
2490
5194
6884
5200
6501
6015
3670
9457
5267
6646
2579
9669
1025
783
3848
612
2401
1632
4780
3581
2025
9334
5662
4826
2147
5834
4034
9809
6293
1305
9709
3577
3263
8009
1468
8187
4167
1554
4535
1733
2550
6890
3375
8086
3940
5956
9519
1012
6431
9665
1822
9893
6854
9304
5139
6588
5660
1765
2297
189
1835
5382
2210
7685
1096
2862
9959
3146
8675
5261
4950
408
6624
9245
8451
9736
1823
9257
5396
6094
6590
8865
6962
689
6059
434
4938
5857
4710
6692
5688
6838
2190
4512
7122
4783
8942
6261
6510
259
9704
2235
5799
2630
7954
6320
8915
6136
6653
5847
8496
4778
9495
9282
5841
1172
5387
9792
7715
6177
7080
9952
7617
7085
5736
5869
7848
4937
9646
8090
6329
6693
1561
4274
7167
4862
3043
9071
232
9224
1821
9150
2396
7533
8626
190
1546
466
9269
1742
489
195
1299
4939
1250
6594
4779
5027
3653
6155
863
5842
4616
8027
9741
1627
2143
6333
6769
9376
9575
9172
3301
6652
6979
4679
7264
3787
7588
5109
8601
9184
7473
9983
7576
8883
9089
4310
2768
625
3103
9793
1210
7064
3564
2701
7046
5350
7789
4003
3216
7261
526
7696
2197
7263
2783
3143
9528
4032
9869
9080
2928
2311
198
272
4689
2954
2623
680
7838
1542
4831
2096
9718
1122
4109
7513
5802
3729
9199
101
8253
3427
5511
9004
4013
4527
4760
2412
8474
4054
2774
613
8065
9331
2416
9764
271
4364
5366
415
6276
8415
3821
147
1075
5675
9698
8855
9081
9998
6169
2292
3822
7180
3201
5526
935
7217
2710
7610
5515
3965
3832
3086
8422
7804
9124
348
2083
5184
1366
7752
8637
7008
738
1373
3153
7183
8386
796
8143
1385
4866
5560
3469
755
3896
3805
8757
7378
8664
7608
5060
3471
6281
2093
8847
4851
9191
3671
9751
4235
5579
6790
6904
5009
7453
754
6562
7590
6450
4270
2134
4294
287
4276
4130
6540
45
5575
6311
3504
6638
7593
9152
5705
969
9551
7888
4146
4687
1325
3838
4355
3377
8982
495
8249
2730
6780
6444
2564
9993
9415
523
7216
4356
5852
3479
9620
4212
186
1845
8740
7330
2245
6185
1565
2506
6422
9118
584
9382
8535
5540
9699
8418
5946
9635
8365
528
9367
7797
2596
9672
3767
1715
7523
5846
790
7982
4898
3265
8229
6355
8139
8508
964
2259
4143
8500
5186
5643
6035
2531
4259
5767
3083
5375
3444
4219
6958
6218
1694
7205
9515
4638
1511
2137
5988
7910
2406
9826
4540
768
2615
9514
8407
7721
3901
5117
1431
4164
5721
8276
137
8542
944
3037
7083
3868
3145
760
9612
2431
279
529
3440
1521
1884
2132
5815
7326
5504
4835
9734
9600
2336
9798
3898
4759
8442
9953
2912
1497
8776
6099
4277
573
1192
4968
6519
9661
504
2014
2492
2133
3684
601
74
2591
2972
5355
3182
9673
9540
9057
2848
459
9346
9882
7434
5684
7753
4739
8884
4621
8539
2911
4329
2084
8263
3871
4637
4081
8977
7963
5480
2282
5475
352
303
8676
7072
8785
96
9522
8875
2566
7153
4629
8094
4124
724
1229
2618
5524
8458
8930
8419
8645
5192
7221
2887
9889
9758
3708
5622
2962
5345
55
3123
3864
1916
7095
4685
3523
6424
6833
7348
9908
5098
7302
4184
8453
8127
8801
8083
5668
5300
7663
5362
2799
7190
1533
2087
6777
8841
3177
6384
804
3616
623
7354
8599
1154
9570
1977
3
5929
9045
4287
8103
7107
8803
7104
5317
8387
2421
579
1230
6050
3178
640
3603
2293
9946
9862
3704
1718
8529
5427
945
3275
5494
6212
4884
9740
4683
6823
1269
2495
9170
6085
9333
2097
9658
9307
3259
9604
1346
7589
2366
4090
605
3302
3040
7684
3994
7585
1584
8908
829
3791
3242
3691
7244
581
8656
1910
7232
7572
5920
7575
365
6354
1931
3753
464
3357
4433
8286
7199
8060
8592
3055
3796
1249
9833
9659
316
3850
6341
5157
4713
6337
8742
8168
3780
1460
9808
1083
6278
7465
6579
1986
3789
6047
9520
9287
4583
1941
5444
2732
6054
8181
4298
7770
799
2609
7087
1285
2373
1124
4743
1099
2619
5534
9426
5210
3669
6526
8548
9885
7782
9807
4425
91
7134
1638
7260
9689
5072
4892
6120
7032
9220
7796
2203
6496
6192
351
5993
6289
9866
8638
6367
252
4340
2165
2199
5582
2749
9828
3485
5323
9756
3398
9126
5766
2699
4625
4645
4102
8472
7793
5514
3074
4582
6681
3220
5119
2717
6813
2913
1272
1078
3555
971
9982
2764
5600
7566
5073
174
9621
6130
2512
3270
246
1841
8220
8759
4303
7287
7048
5824
5888
5049
4354
1445
7952
2575
3026
7912
7392
6661
6853
9687
7052
505
5207
3835
6275
8880
4243
712
2445
5111
3744
938
1593
7358
7313
9464
4426
9574
3687
2704
3155
4116
4366
9436
8376
2715
1578
6502
3196
5637
827
8854
66
959
4401
655
9
5360
3801
9781
27
6548
2595
5233
449
1271
9503
7926
5340
2574
7980
3300
4225
7897
8218
308
5122
5982
1395
1599
8097
5474
6221
5532
727
6881
8927
8825
7996
7705
7765
5964
3365
5547
7352
8752
9321
4411
7345
5831
8259
328
8699
7424
3608
4022
7208
2363
806
3756
3332
8513
4699
270
6167
5740
511
6891
985
4979
4669
4165
1530
6560
6604
578
5525
3410
9608
9778
1925
732
2155
2334
7365
7805
8694
8668
7817
430
7921
563
7788
2179
4502
6583
8502
1144
4182
453
7346
7688
2515
9065
1139
7118
8023
8705
6754
3102
3561
1042
1034
2151
5826
831
3942
8877
2171
6536
5912
5478
6332
6127
5217
1188
6787
3763
1699
1120
9469
7329
8423
8509
2934
2274
5235
8774
9878
8465
5348
4252
7461
2806
8432
1970
3588
7577
9605
3287
2360
5015
3646
9480
7950
1693
6507
6205
1319
1889
2796
3689
8362
3947
2375
9555
4493
6466
6308
9534
1576
8222
3161
2742
8524
2434
1069
1557
1923
9009
7291
3526
9085
4723
6826
5357
972
2435
81
6647
7869
8735
8182
3387
7282
283
9186
4594
3915
3212
36
4573
7362
6550
4471
247
9510
7815
3457
600
891
4918
7831
9430
4809
8012
498
6319
17
7691
2309
2751
2072
3141
3432
773
1778
9138
8224
5404
5333
5577
5309
3519
9626
8581
876
7192
8718
3743
4619
414
697
9025
9244
31
3817
380
7403
787
7467
1181
1337
4120
5875
5403
7612
9829
8468
1743
9582
1353
7039
9254
5523
2850
5923
7732
2571
4145
9765
9821
2755
9275
9738
9362
9461
1020
9782
5718
8357
9598
3328
3622
5437
3446
8954
6669
2673
7193
8662
1774
4231
1727
8945
9092
6381
3359
3959
50
8096
1297
2228
1306
3717
849
8038
1279
6078
8802
2998
7398
1426
9601
2743
2313
5169
2924
671
740
9154
3620
8719
6484
8116
8642
2739
4156
8931
962
6380
5975
5013
3866
8720
4409
7396
676
5543
4195
184
6956
5325
682
8768
9105
662
7698
6659
642
9729
7943
6566
9284
225
6732
7195
4543
9797
1772
4129
4127
5557
1093
3099
9622
4985
360
6146
5944
472
8268
2696
3354
390
8118
4073
6166
3171
444
5699
929
8726
9311
8605
5823
8800
7916
9805
6569
1928
2223
2661
9127
3194
5580
983
9197
6255
2276
2420
653
4075
4309
911
7955
8914
1528
5645
2572
4140
8573
7618
5490
5958
602
8966
9796
4763
961
2867
5202
7606
3981
7049
6457
1059
4893
5750
8325
9648
5306
8796
6286
8680
4684
9293
2243
4438
5107
6529
5409
6312
8507
6183
4975
7385
6746
8388
571
9654
8558
2059
6554
1660
1551
1855
159
8183
5879
1814
4234
5442
8233
1913
4020
4920
4901
3876
5838
7562
4179
1831
6971
1678
2530
7840
1590
8242
8530
5572
6618
4984
3428
1906
8366
8527
7511
284
1488
8850
130
6846
3315
5894
8981
8886
8013
7712
4353
8704
3657
4387
5686
2099
1618
6996
3688
3081
3650
2257
3014
139
1290
5681
667
329
8479
7407
3384
8829
5966
845
385
7754
339
9958
1031
1636
4999
1057
7867
3399
4740
2800
2285
6346
6445
3185
4977
1863
9896
1650
928
7933
1440
8950
4078
2544
8213
577
2057
48
2021
2590
6439
811
9702
2062
1207
219
5633
8046
9678
6829
1071
1465
5873
1199
4418
1525
1340
7124
6918
2436
2441
628
1323
5918
3158
2304
6741
1770
545
614
5658
4002
2443
8369
9640
5770
3073
9858
2907
6076
4096
832
4615
8455
7135
8683
8533
2738
6725
4936
9155
5172
1992
5223
3209
5069
1361
6609
2207
5576
6758
319
1092
6272
7288
3723
8932
7809
2580
6474
5601
7353
559
2321
8928
1191
2222
3142
9489
723
892
3536
2895
9951
6051
7737
4897
4662
9682
5160
9166
6317
6844
9231
6359
2050
1195
6147
6508
8952
6807
9539
6757
1556
850
5836
3224
2466
7132
4297
522
8197
516
9546
4794
8905
6310
5702
8999
8317
5434
2393
9273
9133
9517
5171
7814
8052
3422
6779
9162
6114
8006
2289
3383
788
9779
3806
664
8894
674
9066
2877
2043
3530
1437
1377
426
1616
5619
5986
5849
7635
6795
2173
119
1001
7286
7856
7320
9494