175
150
20
154
639
251
435
58
715
199
768
89
964
408
617
137
703
52
641
742
77
783
893
629
522
318
556
247
444
426
390
287
68
114
380
952
631
498
160
652
759
890
572
417
428
102
799
42
554
515
923
775
90
297
304
919
597
574
300
677
65
863
696
339
853
517
757
608
536
553
201
285
366
672
619
117
956
676
734
504
40
181
829
546
127
647
854
978
313
378
717
476
965
193
603
363
623
146
403
852
983
303
203
200
215
26
108
48
908
477
957
814
348
545
249
322
867
992
678
884
529
168
650
178
737
791
723
820
341
128
671
372
286
129
332
847
925
433
424
591
124
549
683
926
940
45
821
674
871
138
638
900
239
898
115
187
555
190
298
642
684
420
764
772
514
616
170
913
311
962
367
763
492
999
386
842
966
946
463
208
809
691
240
430
147
903
225
635
837
548
481
747
585
787
357
406
958
559
751
291
738
939
780
665
359
163
986
51
25
945
685
345
236
328
375
95
596
209
866
920
60
21
156
771
859
207
482
217
564
541
455
786
441
260
73
679
44
158
70
429
36
610
343
835
697
967
157
288
719
714
107
659
421
299
398
276
509
598
602
413
749
356
499
689
436
776
317
214
657
394
171
22
351
489
752
961
977
868
539
634
143
194
111
875
55
15
970
516
698
824
906
269
382
273
948
415
874
188
534
766
423
927
87
560
745
590
755
392
891
28
518
155
892
461
943
295
789
284
283
373
620
248
496
732
56
622
466
174
118
101
519
567
34
694
254
765
668
618
202
947
484
828
238
558
575
24
307
173
474
615
172
507
381
800
609
228
221
969
185
397
760
870
932
643
754
327
777
881
263
405
453
4
192
781
497
266
924
673
451
302
841
905
811
9
310
566
280
649
929
335
562
197
270
294
134
839
5
186
472
148
152
902
306
79
443
62
779
876
573
149
974
242
13
169
49
994
744
33
391
589
11
292
35
601
88
645
27
606
457
510
812
72
213
840
50
503
720
803
389
133
532
561
166
275
524
309
543
931
244
547
653
253
478
333
530
308
511
687
480
401
277
329
667
226
795
301
914
448
109
100
708
39
836
113
910
805
753
528
802
778
305
981
337
660
571
323
692
997
29
120
915
731
990
325
104
741
960
796
710
243
613
513
1
807
808
427
648
993
886
813
505
189
395
462
6
937
739
255
80
950
258
670
525
206
416
385
587
358
818
241
37
237
500
177
888
873
412
371
364
30
695
374
897
1000
222
264
832
705
540
797
922
467
460
912
968
272
198
790
628
179
377
593
718
184
490
661
550
526
125
716
823
450
488
12
437
224
686
877
533
229
438
901
383
773
182
54
848
512
400
666
84
223
342
801
486
340
418
261
798
379
733
106
289
521
19
951
402
819
183
646
232
704
826
690
473
858
67
883
959
458
644
793
53
349
851
599
350
471
907
721
233
312
116
445
105
140
702
565
336
995
748
551
139
636
895
265
535
680
681
191
794
538
112
216
161
989
210
885
810
483
700
899
576
434
362
669
469
662
996
86
290
663
344
8
831
569
71
792
404
857
707
637
588
425
145
370
769
470
75
82
568
493
938
980
64
274
767
334
93
709
838
259
711
815
419
442
830
432
132
410
98
746
440
985
314
235
257
422
388
973
594
640
409
523
882
688
487
76
611
316
577
324
123
7
740
604
414
142
664
220
864
69
693
121
850
66
582
245
464
758
195
57
724
468
347
81
656
439
196
630
153
135
816
531
167
17
774
2
74
282
563
941
843
846
928
268
326
955
449
976
369
770
855
726
949
856
879
762
446
963
219
267
271
32
728
94
896
586
211
61
730
360
844
861
338
365
91
165
654
750
658
614
180
368
713
822
331
38
537
59
633
475
330
407
376
99
933
63
580
971
785
655
600
729
979
319
987
625
592
849
164
817
722
16
502
827
954
384
83
605
935
262
542
880
583
942
506
176
872
354
527
626
756
904
878
944
782
917
141
320
624
3
136
411
725
578
581
833
41
353
85
279
246
651
97
712
784
508
682
452
278
607
494
788
552
393
991
250
296
361
865
889
860
701
346
447
612
18
887
735
78
869
627
454
46
825
387
159
736
396
998
632
706
579
230
621
456
399
595
218
972
119
495
465
804
321
862
909
982
845
204
485
675
281
918
110
131
894
988
205
315
151
520
126
212
953
921
96
43
975
14
916
570
293
144
256
557
355
479
930
911
934
47
806
92
122
491
23
31
10
834
162
234
352
103
459
984
231
584
544
227
727
761
431
699
252
130
743
501
936