1853
4974
592
734
3236
3777
1442
4786
2363
1373
2265
4112
2938
3463
4702
1586
798
4591
1414
284
608
2010
2937
2892
860
2633
3451
2955
3400
688
2986
967
1580
4061
1200
192
2862
939
143
2487
4566
3470
6
1434
1927
2071
3862
1483
2209
3814
2977
220
2264
2313
1569
4098
3342
3758
4908
75
1183
829
2015
2396
1727
1224
3098
4824
2536
4851
3968
1499
2059
2642
680
3426
4982
547
408
4224
334
4000
1679
2860
2799
1599
4248
1289
1199
1520
180
1683
1176
3320
4917
2328
256
1400
1981
1937
1134
2094
2051
4846
2306
243
3766
1228
796
3592
3983
348
1851
2550
1141
926
1578
2218
3825
3744
3615
524
4929
2699
2458
867
3357
3097
4222
815
3626
550
1355
4504
1083
4875
4020
981
1232
3365
4931
823
1212
1075
1487
1418
3452
3489
805
2216
3169
3899
1777
869
4058
3904
2443
3925
2585
217
671
3523
4243
598
1110
4362
4028
3386
2987
4678
1733
1260
2767
1562
2829
4498
649
2826
1331
4726
3819
374
2958
2737
1544
4131
2995
2473
3866
4031
929
1826
3789
3181
4565
1124
1390
4747
1579
3379
4307
3730
2864
3167
317
4104
4252
913
1910
1133
1205
2604
4401
4892
4810
3705
3204
1387
500
360
2391
2175
179
1105
687
4671
64
2424
4280
3328
1196
2056
525
4787
4713
3273
2353
2169
4163
2079
4217
1949
2150
3350
768
1253
3380
787
4317
1101
4708
3597
4536
880
1317
771
4256
1689
4155
4383
2388
222
4600
1117
1266
3213
2479
3070
767
3052
1125
23
349
4746
1985
1608
866
3797
1488
491
1596
2076
2991
765
4953
3911
1999
2570
3769
4715
3258
4595
4462
3540
3084
3029
986
1467
4884
881
2980
742
627
3891
2503
1907
874
2161
3593
670
9
2119
2354
1611
303
3522
4447
2791
1151
63
2200
543
3194
3017
3372
187
3525
2752
3918
1543
1572
281
16
1435
272
4259
1950
2787
1684
4639
4287
290
2501
1527
2541
2927
489
2649
3557
2014
994
1958
3491
1571
856
1267
1930
1346
2690
1004
4985
551
3836
147
4623
4748
3959
4105
178
2753
1163
352
120
332
4555
3336
2883
4721
959
609
1461
123
4522
4258
3737
2419
544
2460
2907
1896
3601
1478
1550
4245
2692
4722
845
1015
250
1655
3090
2893
3341
809
740
2880
1009
4807
1056
697
3497
3732
3505
4914
3823
3358
1796
238
3995
4295
4474
4551
3193
530
2166
920
3847
2298
267
4137
510
3054
2912
3042
4076
889
3822
1030
3425
1210
1048
1476
3499
1150
2644
3975
915
1504
3075
4035
2839
1370
1403
4649
1158
1741
4440
764
3665
1028
1524
4844
3761
1790
219
1593
4341
4452
441
4901
165
2042
294
2669
3432
1555
3922
3146
2652
3039
2220
3808
4333
4706
228
2464
1977
2961
314
3817
1337
2782
3444
4672
1829
3037
218
825
1177
4413
71
2553
434
3634
2299
3728
4774
4956
4443
2798
4906
2223
1242
4186
3507
229
911
3506
2455
2982
611
4540
1809
51
3780
3853
4806
3632
4900
1697
2834
4483
3198
1842
693
424
4832
3543
4012
3881
1299
4859
3604
2786
3733
3392
4719
737
1688
2400
2992
4169
4632
1875
4272
3412
3161
4496
473
2637
3025
4175
3767
643
2764
1622
2081
420
946
4134
3696
4311
4153
3675
3189
3128
2878
4285
2415
1868
4731
4737
2176
2863
4279
2092
4991
2187
2913
1964
4670
289
471
1052
1946
566
3344
385
3242
273
1207
1271
1839
2707
1287
2305
4056
1281
2035
2370
376
1553
511
3319
2814
646
402
2739
2465
2623
2333
503
3078
1049
45
2136
1808
3207
239
1272
1917
2743
1990
3672
2447
4420
464
2238
4201
2378
4030
3313
1692
4511
4799
415
2158
965
1106
4254
1988
4609
3898
1357
565
2653
3574
4174
3697
4574
4753
248
4624
2895
3335
4274
2160
4479
3770
2276
2278
3914
3217
1039
3060
323
322
2572
2405
1213
3686
2472
4368
504
3343
3712
1229
2648
1329
640
1954
2368
2729
4896
2989
3585
1625
549
1148
2213
2027
2950
728
2781
1547
3874
3225
4477
4103
1644
855
3461
1091
976
2413
3417
3459
4226
1042
4277
436
2364
3771
1239
416
2843
1258
3663
1859
517
3792
3695
2172
678
201
170
3943
954
3578
3244
4861
4986
1170
3708
1582
3934
1706
1092
4567
1515
4194
3640
2549
1887
1308
17
1801
3820
4144
3989
1
4138
1662
1405
4472
2043
395
2286
4682
321
4714
4547
1430
2837
4422
4434
2763
1881
283
604
2009
4044
89
3337
802
1598
781
4167
241
804
2636
2691
2900
699
3692
2563
407
212
4571
3864
3667
1035
2078
2825
1936
983
3790
2580
3564
1780
2774
3464
2582
892
3276
2398
1231
1731
1690
896
3158
3014
151
253
4235
3297
1996
3671
4763
210
366
4928
4071
1982
2349
3462
4244
4525
2485
3590
2004
3247
154
1156
1122
324
2639
878
4218
3970
1858
906
3921
2096
3558
4627
202
2602
4664
2262
2617
2964
4488
3351
2952
1725
2901
4123
1721
4539
209
2770
3612
2736
3913
644
1756
4853
4644
2819
4834
3715
2151
2851
703
1817
2122
4270
28
4241
137
457
4869
2080
1067
4945
1263
879
1835
355
18
3531
988
3905
3956
2694
4230
1676
3547
1126
1815
1490
1935
1849
4863
3467
3468
3056
4354
13
1044
4709
4880
1738
772
1174
4791
2513
2416
401
2562
30
2857
1821
1217
2063
1871
2556
4903
4195
3885
2008
901
339
821
311
3534
1255
2044
832
3203
2671
3035
4366
4530
4717
1419
2470
4110
552
110
600
1764
1226
667
417
1003
3454
52
4524
4293
1095
307
663
1347
3656
2810
1734
3629
2107
4577
2374
2971
1760
4898
1116
3281
593
377
2375
367
4965
4860
4994
2254
4054
4088
105
3419
1421
2372
1241
1783
4013
1221
4630
3753
3584
2998
1965
4179
2357
2021
1178
493
1153
3431
760
1165
1233
1459
1753
495
4705
236
4712
3334
3148
319
1518
695
1081
1877
1736
2651
4358
3988
4959
3756
3073
715
3139
354
1208
1382
1639
2809
1249
2762
632
833
1425
4325
4308
4839
2138
3974
4866
702
4262
431
2040
2231
1454
2667
1785
2902
1791
3984
2229
4414
3926
3012
4606
1716
3110
4895
612
3535
691
330
590
1462
1438
2323
2482
380
2282
3135
4214
2658
819
2885
3919
4556
709
4637
3284
4510
3964
4864
2683
1892
1772
2089
298
3643
3394
4885
3205
2194
2821
2033
4742
158
1316
3884
3231
1620
4643
527
1051
1343
1618
2583
3768
3288
4034
2803
990
641
4995
1080
2450
3687
3996
3405
1220
1913
4780
475
4490
2796
1813
365
534
724
3
3085
1748
3212
1552
1230
4803
4692
1496
3375
3473
4184
1570
1138
2377
1545
4537
4037
1509
3606
3636
1724
2922
4732
4603
1669
4429
3079
4700
4818
19
1074
4228
2420
2163
2339
3361
1968
1175
432
2448
2159
3655
2594
2291
4255
1445
3228
3725
1119
1698
812
773
2260
472
2118
1449
1301
1099
4559
4777
2115
3978
1388
4008
3750
249
2423
645
3807
1782
2481
387
1440
2704
575
429
422
1353
3071
4328
4356
1629
2247
215
935
4902
2656
309
482
3908
4074
2270
4943
1201
4879
623
1687
4313
4628
4523
2520
1142
1137
4769
1889
4848
1708
3948
2611
1661
3022
2836
4017
4545
4323
2287
4178
4102
3321
3785
3474
4302
404
148
2681
2544
2392
3406
3000
1041
1502
2342
1974
4725
4423
245
2631
2006
3168
4837
4852
3067
2502
4772
1237
1884
601
4173
4476
2565
4733
3957
4760
112
3688
3806
2252
1351
3178
3498
4999
4841
66
129
1991
62
3894
2335
4446
444
3798
817
235
2849
3869
4815
142
3308
183
371
106
1428
4932
3109
3121
4629
836
3664
2266
1386
3262
4273
4388
1921
763
325
2114
1591
1537
3773
1295
479
1197
4940
3031
3391
2446
302
375
3997
2800
4288
826
2963
4980
1989
140
1922
14
899
735
3602
3477
3859
1307
4091
172
3398
783
4821
2530
92
1960
184
1172
25
456
4676
2095
712
2047
3555
3142
1505
4177
4283
2439
526
3704
2933
4065
1186
3849
957
4033
3465
1852
403
3163
1090
2393
1000
794
4925
2350
2164
3521
4922
1147
4618
2646
1967
3698
1443
3677
3333
853
2422
2403
2755
270
2840
333
194
4373
690
3576
3409
305
2373
846
2255
2838
2867
3227
4357
2154
3304
3779
784
3291
1850
2909
3329
894
1187
2103
4816
2628
4329
4316
2967
3954
4549
3528
4665
1758
3571
4421
3735
848
3709
3608
1363
1929
3813
4679
1114
1219
3106
993
2850
1855
861
1214
1561
2246
2153
3285
1567
1507
1068
4129
4987
4829
2225
3513
2772
4205
1838
4685
1807
3834
2634
1836
4480
1845
2936
630
1728
2371
4445
4696
531
529
1338
909
2463
3211
57
1408
3130
2132
1610
439
316
4610
3684
1585
711
3845
1531
3126
2966
274
226
3476
1542
1193
3573
998
4568
647
754
943
2748
4352
2589
1827
4754
4809
2330
3472
4304
2983
1179
3408
3266
4718
3746
1115
1530
3518
1368
1795
130
2336
1087
3588
811
1379
2659
3494
4532
221
1854
3700
617
2127
3131
3447
1468
584
2603
4855
513
3390
83
1118
88
2272
1341
3093
2696
176
2518
4656
2116
3945
4615
4659
3731
966
4181
1350
2524
3646
24
4666
1284
4939
461
1656
4557
2831
1563
512
762
4481
3238
1961
977
1536
3648
3638
2818
67
4635
4740
4964
486
3331
539
927
4164
3901
2794
1663
169
1743
2135
2347
3888
216
4160
4950
4211
3385
873
1926
2664
406
1474
3858
4990
891
521
3402
262
1181
2074
3230
1978
3594
438
912
4919
2125
255
1703
1517
1707
4541
1489
3170
2615
327
4657
518
2309
2144
3395
1427
1310
1771
2417
2777
3637
280
2757
2292
1306
822
4377
984
1296
1837
634
780
523
3024
2511
2343
538
3973
629
4276
4257
1453
1093
451
2361
2830
4140
2065
391
4029
2066
2775
1247
3852
1469
2345
4275
3384
2749
991
4461
3787
3355
2494
2708
2112
4910
2088
2129
2581
1378
4789
155
4552
2540
571
2073
4120
2437
4750
4825
3105
15
103
1983
4843
1334
4092
86
392
4842
2643
3469
3456
4979
1102
1822
3218
4197
1862
1830
2232
4189
1651
1556
4596
2542
2433
572
1366
2332
2915
3992
3627
1558
2098
4261
1103
938
3421
1866
1027
4009
3941
797
2684
3639
3478
2434
203
1516
1521
3906
2588
2533
3479
975
234
956
3049
930
1238
669
4972
1677
2790
166
3438
2190
2438
840
3614
3250
497
1863
4502
4086
2558
4127
2854
1970
2891
3176
3404
4084
21
2390
72
4384
4819
2178
2610
498
3003
1940
3123
3707
2352
1324
4905
4689
2340
672
3076
774
35
3458
3537
3013
4724
4121
2769
4514
3545
1279
4369
2197
2509
1969
4253
3710
430
1932
2408
3892
2911
1290
3527
4359
1686
3843
1396
2017
1011
111
1976
49
750
4263
4047
1891
2805
2228
3953
522
2133
1297
3306
2011
2579
2019
4340
898
1104
4918
2935
2571
1246
4139
3512
1166
3533
4660
3041
1167
2432
2185
4697
1171
3199
4590
3721
3916
2886
3040
114
3111
4493
989
1053
4412
3631
1089
1634
1173
4794
190
4132
4782
3147
4219
182
4025
583
1448
2730
1615
350
386
3413
1833
4284
2456
3422
4878
1798
653
1016
1111
3748
4314
4003
4343
633
4911
1413
1320
1384
603
2879
1627
2689
2104
4485
1447
3669
4161
4400
4960
814
1671
1128
800
4125
4136
2344
3863
3316
3434
3647
2490
1643
2795
4797
1630
1616
4068
3309
2317
1195
4594
3613
2245
3998
3800
3678
3993
933
3257
4397
3828
1872
2942
4814
2202
3006
4032
3272
2493
3990
970
80
2441
2198
4143
2429
3603
961
1667
119
3981
2889
1637
2029
2366
428
4372
3529
2599
3861
4113
4698
1005
2527
537
2547
3711
4662
2311
3296
78
261
4468
1333
4833
1762
3305
2188
843
263
2947
4260
1934
4265
2734
2483
999
3917
2783
2498
3939
4830
3561
1455
4998
282
411
925
685
3511
1240
3488
940
3034
3965
2224
3030
3348
1844
2576
2921
2271
3623
2597
4301
3289
3232
3502
4433
2195
3027
3762
3877
4583
3323
237
3694
73
396
947
4887
4007
664
1275
2268
1415
1742
4370
1963
1069
4055
3740
189
3896
1583
2614
2654
2100
2951
2621
707
3961
4351
3618
257
1577
3566
4394
1458
2577
2285
3401
576
864
4601
1819
2738
2657
1588
1640
362
3243
70
131
4040
2678
2917
1132
587
2523
413
4100
942
4962
625
3338
1890
2630
4291
2600
4561
675
2451
1073
4094
1513
2605
2395
2334
559
1076
2846
3542
4242
916
4363
1340
318
4642
2341
2897
581
139
1861
2515
1548
3050
1412
3246
3143
1601
1129
1491
3928
3805
1464
563
173
1088
3714
177
4638
2025
3879
4838
54
1112
2038
2817
4387
2058
4349
3113
3129
3550
2039
2284
1394
3269
4977
480
43
1973
3053
4212
820
2674
4704
2476
204
4382
2184
4826
673
2616
2475
2295
4405
389
3081
887
3369
1330
410
1022
2655
1280
1198
4342
3162
1354
1729
2346
2362
2147
1185
4326
4128
1628
1574
1032
3245
4067
156
4303
3065
1512
4237
2943
3267
3325
4403
2564
696
3096
923
2702
1377
4408
964
2948
2687
4868
1719
3471
390
2177
1372
1947
3256
2389
2672
4865
4415
1037
509
2979
3367
1312
1026
3435
2142
3575
3192
4505
1857
1192
2085
1261
3582
1938
2244
2302
76
1906
1270
2990
3414
3619
2384
4948
2962
3842
1314
2121
3263
1832
3353
3691
3586
1398
3690
2351
1597
3752
4944
1164
1986
3674
1539
1523
1971
1737
4584
4191
3757
2082
1194
3496
2123
2486
4804
4233
2130
2978
2745
3068
4957
200
1206
455
4225
2474
4315
2283
1055
4337
1082
2884
4019
4570
135
1050
2720
4580
4741
4090
1739
553
3080
4578
1020
3969
3066
3448
2751
4989
3261
1318
2828
4296
3173
1286
4739
1349
4784
2149
3689
3107
2091
3381
3252
1831
20
1250
2993
2183
2453
104
462
777
2731
4720
4389
2401
4299
3560
4669
2358
591
2598
2807
1218
851
1701
2941
425
293
4766
4249
3115
1038
4728
1867
2855
732
149
1511
658
4871
3368
1361
1914
443
2046
4589
213
620
4393
1471
4108
3322
4597
3947
3275
1058
2723
1944
1417
4891
4988
4196
4432
196
3326
816
2402
1919
971
3621
3137
4613
3980
3051
2996
3723
4309
3220
841
306
4668
4310
1624
1709
3751
463
2181
1391
1100
2407
747
779
2792
4336
904
3449
3930
3299
2072
2537
569
1607
3517
546
1749
4159
3057
1704
42
4130
885
1995
4411
3680
1735
3676
3493
545
4089
2861
2152
1059
353
3088
320
3018
4856
3028
4142
4324
2612
1040
1918
1203
4687
2215
743
2595
639
1362
4874
4380
4478
3182
2812
1522
4651
682
1420
4099
3553
4749
2521
107
785
2822
4808
684
1730
1431
2874
3209
2932
4442
1336
2673
2758
1933
1912
3138
674
717
4085
160
4208
3844
11
3699
3441
1546
2497
1953
2662
304
1062
4133
4232
4802
96
1761
3064
3091
1326
2012
751
1613
1557
4710
2034
3424
2297
1549
1282
4616
4077
1274
3251
3549
4941
776
3871
2705
2960
1994
4893
1393
3536
2310
1451
275
3955
1744
4286
520
128
1014
2668
3437
1659
2815
1876
3622
2666
752
4075
4156
3796
2847
484
3151
1987
2234
1140
4508
2141
1292
2055
343
1441
721
3122
4114
2816
3952
3286
4375
2250
2409
3116
4612
2688
1710
893
2820
3411
4949
2905
995
2808
4355
931
1786
268
2086
2858
1054
2969
1645
3156
949
952
4467
1699
1376
3583
2376
3455
2606
871
442
2670
1411
4862
4332
2622
1375
3280
4494
3445
4501
4294
168
614
729
308
4162
2062
4093
4115
4604
2319
4491
4005
3482
1752
1776
4026
3500
1025
364
3803
1259
1694
2249
4872
3226
3605
1257
2765
4506
1587
295
1568
1456
1646
3661
1632
2449
2801
4585
4544
101
208
361
1098
969
4813
1184
2680
2784
4768
4952
2934
4836
2145
3446
4675
3180
3317
4716
2427
1788
4011
4845
3133
733
1928
2257
4118
3544
2032
2545
1409
3760
4062
2117
4758
1702
1001
2171
2
1484
1957
368
3591
310
97
648
2174
560
4185
507
793
2167
3136
1252
1432
1416
3644
1096
4001
2701
3909
499
3120
4
2348
356
3999
397
3058
34
1159
3371
1024
4661
4424
3985
4078
577
2050
4072
3082
2742
340
775
242
4658
181
4087
3778
405
1479
1315
1191
4828
1065
2036
2677
2189
259
2869
3430
744
3702
3781
231
102
3532
4269
4997
1682
3436
2500
2975
1107
1920
2543
48
150
3481
4374
3551
2445
4681
1799
2638
596
3179
2554
1812
1235
2750
4268
3202
3713
1389
4531
2931
10
2230
1064
4515
919
3125
174
659
3530
605
837
4199
3839
2504
3870
357
635
4450
1678
1426
2269
1767
3966
61
3620
4783
3548
3657
2853
2590
3747
1283
3023
3008
4820
886
4966
3755
3577
681
3742
3972
2477
2766
2918
4080
1660
3743
4051
4983
3416
2290
2418
883
4978
2382
82
3047
4693
2984
2394
4220
388
3873
2620
1848
4751
1215
1834
3717
3069
4907
1344
4379
501
3827
4150
2785
3287
2712
2326
2069
4049
3774
2624
3628
1392
3886
2258
631
3786
3403
2146
2560
3907
1070
1784
973
2090
477
2491
3346
1245
2273
3324
2981
1033
4119
2410
1097
4192
3662
1781
2386
4904
2385
1882
3893
1036
3153
1626
1424
3032
3722
470
1202
1948
437
2489
4992
2480
2797
32
2944
3579
3609
1514
2052
3480
4947
198
1021
3004
656
2574
3501
1908
1294
692
2713
582
4779
4961
3383
2359
2064
1604
4463
157
3183
4569
3033
2539
4209
1617
4281
4805
2994
2307
1497
247
3241
4361
968
2199
1209
708
1775
1894
3141
4526
3248
2754
1222
3876
2823
4111
2102
12
2468
4593
1962
2845
1188
4641
951
2143
714
1190
3658
4517
2312
978
3519
4654
1899
2727
1745
2510
1658
4558
126
723
4823
3364
4699
863
4464
37
1475
3809
3915
1323
2436
2675
705
4778
2162
2294
118
2365
4045
3938
1672
3453
1510
1313
2316
3208
3442
400
347
1740
3145
4278
1436
3188
3610
1061
4563
532
4168
1422
756
1332
3099
1533
4053
2457
2243
4391
3937
1506
694
2369
4381
337
3587
1043
186
4154
2517
2356
4430
1886
2780
3011
1463
3645
1631
1856
4703
2399
3332
159
2526
516
4631
1066
2906
4327
2811
2428
412
127
1722
1818
3007
3002
2525
2425
4239
4968
769
384
3340
4899
2868
4016
4038
258
394
679
4448
3764
3010
2974
2824
22
3104
2557
4579
3685
108
195
2904
2759
2087
2953
3301
38
4543
3366
786
1288
3277
2233
3867
2431
3726
2274
4466
2735
2732
1031
3815
3021
1399
2567
1647
4193
4920
3991
638
903
3234
4518
1816
2877
1648
1750
211
3706
2682
1841
2173
3856
960
2635
2111
3457
3159
2871
3912
662
3061
2578
4771
3396
2217
4231
2097
4022
4042
359
4427
3260
68
4203
4322
3271
1139
144
3673
568
3119
1541
3971
789
4426
3652
117
4582
1157
2776
4512
3668
1564
3826
888
29
3541
2442
4489
4338
1847
642
3315
597
835
1013
4827
738
2514
3216
1291
2137
1311
4889
722
1534
4360
3846
4187
4180
2725
1256
4170
4548
2546
4963
4126
910
3931
4353
1236
4290
3428
2054
4439
3171
3399
4229
2048
996
4553
152
2239
4213
1943
4626
4650
4608
4066
3314
2101
992
1365
2186
1713
1319
4063
4048
4371
2916
3562
4365
3019
4967
3283
3223
3094
3729
4006
4202
3654
1911
418
1304
2676
33
3166
4402
266
2461
2833
731
4200
1773
3624
3776
1407
1902
895
4588
1268
4857
2221
1843
433
585
3046
1348
1493
2835
1335
657
2459
2640
3651
3829
2201
3510
445
1770
4146
3572
100
2618
4607
4487
4538
4572
2789
3878
4598
230
4592
3307
803
1480
109
1501
3832
506
4057
626
1160
4870
4619
2236
4727
4926
1883
3524
3783
3754
4182
4755
726
2068
331
4227
4151
3835
372
2711
716
1109
1321
465
3224
1071
381
468
1367
4785
188
4858
2469
2665
476
1980
4004
1423
292
2077
478
3794
1905
3100
1300
1565
3816
1668
2211
4996
4762
3237
3727
2508
4646
1161
1823
4723
2030
1594
1810
4605
2629
2709
2894
4404
945
1885
2028
4306
328
2139
3962
2519
2263
2945
2793
1754
746
4625
2499
2516
2108
4847
53
3086
494
1466
1131
613
2551
2718
3149
3210
4330
3596
2999
1897
2506
285
4251
3994
1264
979
558
446
1825
2275
2041
3345
1924
2997
3222
1860
2728
4410
4614
421
4564
2280
1277
2007
1879
736
132
3327
90
3976
4043
955
4554
138
3850
3439
1717
790
3903
1108
2761
4014
1649
2303
1374
795
2779
3570
1328
4677
2379
3295
3160
4850
3352
423
3824
2404
264
1696
1575
505
921
4521
4759
3249
341
2321
3880
3423
1017
3009
1146
4010
4882
1380
4465
1309
3950
1732
1956
2293
897
3860
2529
2383
3635
753
4334
2532
3581
1145
3741
877
2435
1086
3429
801
2003
4935
4924
1805
4764
3703
4023
4386
69
4198
963
1711
3734
4188
287
2267
3152
136
3095
4686
4573
2156
3059
4141
95
1653
602
329
4792
2067
3616
1439
3294
4190
3026
3265
4499
3739
2608
427
4634
4701
4695
1619
3568
87
4691
3793
233
4688
2788
578
1800
4933
3563
4436
3239
561
3745
2031
458
1998
2700
1180
2929
4297
59
1123
4770
3270
4581
3196
3300
3282
134
1526
4083
2462
55
1606
622
4425
828
277
2686
2716
2626
1437
4116
4560
917
677
2045
2566
1227
4240
2227
225
4913
3977
4107
3259
3043
1401
205
4247
2057
1901
199
2222
4050
4729
3642
2505
4934
2165
2281
4519
4486
2609
3923
1642
3418
3607
214
98
2075
153
2926
4707
162
1269
3611
4788
1952
4097
4645
852
580
1485
1322
240
2881
4528
2679
1204
1500
460
336
2414
922
1814
1778
2573
3330
2925
345
440
297
3838
3274
252
1345
2279
3144
589
4622
2110
2872
232
1018
698
4790
1551
859
370
335
2318
3108
3118
1939
1327
4495
4135
686
1472
766
713
1120
4923
573
3420
414
4321
890
962
4652
1002
1874
808
683
466
3633
4822
4390
3666
1494
379
2924
4673
1793
4438
1654
1755
4385
3799
4938
3374
3157
1444
2852
1113
4955
3415
1806
3538
2531
4711
2241
2484
3495
618
3946
2099
770
2320
1265
2148
4437
2170
2406
586
982
4459
2002
2848
1959
2259
1945
567
2204
2207
1503
206
4470
4942
2842
4535
651
1492
3681
4694
3124
2126
3795
2182
2957
77
3900
515
2288
535
4039
1144
4073
4453
4667
2632
1595
2315
4431
3830
4970
487
2976
902
554
3951
3949
4300
4441
2060
2601
1824
454
481
1665
4223
2771
4106
972
1019
382
125
2337
3508
3206
1746
4041
1915
1804
1303
4318
44
2647
2548
2203
3960
4743
3910
113
621
3177
555
1873
3036
47
1360
2367
1143
2360
1951
2756
3264
3354
1029
3719
847
3811
654
2584
4482
3942
3279
84
161
4435
745
2296
4620
1880
536
4736
2157
3268
3197
2685
3233
4331
2876
2552
1085
40
393
1931
3339
1923
3841
3349
792
2641
3165
124
2000
3821
4575
588
1223
2134
2452
2813
665
3653
1621
2575
2928
3936
2235
3044
2180
3791
958
2698
1495
2859
488
2661
1674
2591
2663
4147
1681
2806
4264
2710
2528
928
4981
3020
607
3154
3393
1406
3377
741
3598
3504
4509
4550
2109
2124
1460
2387
291
2856
1057
4831
450
2882
2841
1714
2695
3083
1797
1012
676
637
4640
2426
4396
2155
2802
557
2444
276
542
4204
839
2338
3184
469
4320
4562
26
167
4364
3788
1680
3979
4633
3775
4534
3509
4398
3559
2715
4378
739
907
1482
3600
1576
884
4409
1903
315
541
4346
1846
3589
1584
2355
1498
1508
2454
4406
4795
4767
791
3235
2561
3062
2214
4456
1302
4484
3810
718
3967
655
3363
2887
1560
3763
378
570
4469
3103
3963
4428
3240
1904
1916
2559
4176
782
941
1600
2331
908
579
3298
2430
3701
4801
1528
146
1285
3503
4915
748
4527
3929
1168
934
4166
2325
4350
650
3185
1358
3466
3427
3229
1072
2627
4348
3089
857
4367
806
2411
251
3362
4916
2703
987
1635
459
2140
842
4546
872
1079
4744
3134
1152
271
1532
4036
4745
3765
1925
4909
3101
1189
980
1765
2277
3063
3219
4781
4305
2001
3986
1402
2625
1094
1641
2308
4520
351
3389
2196
2219
3883
2875
1383
2242
4912
4738
2726
175
296
4798
755
1529
2914
383
141
4773
2733
1477
1802
2507
1155
2827
2903
3440
1047
2804
1589
4096
4533
2210
4886
838
1693
1559
4266
1481
4238
3933
60
1666
1364
2226
1381
4207
2741
4145
900
4683
246
3868
1121
3514
2488
2873
3625
1457
116
1972
727
4149
4971
1675
4976
3312
4927
1298
3450
3895
1820
4206
191
2322
1602
1465
700
1084
3278
2930
452
3347
4416
1385
227
1573
4451
3132
1254
4444
862
7
4069
3890
3490
868
831
3599
3310
4849
4376
3373
3848
807
3682
3837
4335
94
636
3492
1410
574
4937
2478
2896
3782
2380
4407
3382
4888
3360
1757
4027
4542
1538
4775
2016
799
4897
435
346
2106
749
3191
3515
2105
4124
3552
3569
4761
254
3407
624
4969
905
4395
757
2954
2908
3889
4460
4157
485
974
3016
4586
4936
3693
3565
2070
719
2495
1359
3150
207
2205
858
3072
3659
1248
91
4757
4993
4811
1720
844
4345
3087
4890
4312
3650
449
1993
652
4079
3410
824
616
3200
1803
4101
761
3818
3840
3140
4800
2697
358
2972
3114
4024
3292
3833
4319
4854
4210
3526
660
4765
4172
2593
4148
944
1135
2013
2973
4292
562
876
1763
1356
1685
2721
453
1216
619
4081
689
1262
1664
758
1063
1865
1429
2248
3935
3724
4158
4973
4835
3001
3055
3855
1789
4876
4165
3290
2024
3433
2381
3460
65
3221
3127
2421
1612
3580
286
2568
1955
4282
3486
540
224
2832
720
3254
2586
1984
2512
2888
4289
1535
269
1486
1339
3854
4954
1433
99
2714
1605
953
1792
1992
1638
1900
4921
4234
2535
1614
4602
937
1898
2005
1211
3546
2179
4734
3005
223
1369
4215
508
3174
1182
2026
1325
4109
1712
2768
2740
870
2300
8
3897
3932
615
3539
278
948
3074
2746
1006
46
4497
2289
2844
4122
2534
1747
133
4867
373
4503
4500
668
4418
2865
4951
4680
58
4513
2061
710
2440
2747
1636
3749
342
2191
594
813
419
914
1136
2261
3851
1774
4183
3255
1979
1010
725
997
1149
2778
2773
950
2467
2206
3987
2193
4060
426
4250
3556
3641
2890
3387
1864
4216
2084
564
834
827
936
1244
3683
3865
3958
2037
2965
3376
1657
2596
4018
483
1691
4617
4271
1878
706
74
4984
1751
666
924
1673
3048
1652
4647
3887
3370
1966
548
56
1766
1888
3293
1650
2538
4730
2949
79
849
1234
1077
490
1352
3485
4930
3303
1225
2555
2988
1909
2093
1034
2898
369
4877
2760
1008
2018
2919
1603
447
4883
93
3186
4756
1162
312
3630
3920
4663
1811
3378
1828
514
2946
4946
3738
1404
3784
2251
1581
1169
3483
1060
3155
2304
3015
4621
1590
50
3924
810
4636
85
2899
2192
4298
2212
1007
2910
3944
115
2920
1470
4471
3172
528
2020
2301
164
3253
4611
4894
2870
1726
1130
4674
1473
4339
4653
882
4458
2717
265
918
2959
193
3982
4095
197
701
4419
4958
288
628
4246
778
1893
3831
3595
3201
3617
2120
3214
1670
4684
122
4454
1633
730
3554
492
474
2923
1395
4576
39
4776
2970
398
2253
932
3670
850
2744
2660
2237
3875
2496
2083
1769
31
4449
81
4171
2587
1519
2324
704
163
4648
3190
3927
3718
4507
145
1623
4221
3716
338
3567
1869
2128
854
4064
3077
3679
3356
3759
2522
3443
2592
3660
4457
2208
2023
4796
4873
4793
1779
606
1941
4015
2866
2619
5
3812
2113
1305
2049
4587
1278
4417
4599
3940
1794
1078
4735
4975
4059
3475
3302
299
27
1127
1715
3484
121
4655
2613
3195
4840
2492
3388
1870
1554
171
1243
5000
3318
2724
875
1997
4236
3802
1452
344
3397
2466
1759
4529
2940
363
3520
4516
1895
1705
2693
556
1566
2327
2053
4752
2022
2314
3720
1023
3772
301
3487
661
3857
1942
1154
1342
3164
2985
4267
4492
818
448
1975
2131
865
4392
2645
496
4082
3804
3311
502
1700
610
1046
2607
1695
4473
4052
2956
2722
1045
1592
41
4399
3902
3882
2569
3872
2329
1397
1273
2471
185
2168
1450
4046
3736
1609
3649
759
3215
4117
4002
300
2240
1540
595
1840
2412
3359
4475
1446
1787
1293
2397
533
4817
2719
4344
2706
244
4070
3175
1251
4347
4881
3045
4455
599
3801
399
3038
260
279
1768
3092
1276
1718
3102
985
313
2256
788
1525
36
4690
3112
467
326
3117
1371
4021
830
4152
2968
3187
409
519
4812
2650
2939
1723
3516